OSRCA ()                                                                        
UT= 0.02 LAT=   2.50 SLT=24.00 (HRS))                                           
VTGCM (DAY,HR,MIN=150, 0, 1)                                                    
Frame    1                                                                      
nx=   1 xx  OSRCA   
ny=  65 yy  LN(P0/P) (INTERFACES)                   
 -0.16000E+02 -0.15500E+02 -0.15000E+02 -0.14500E+02 -0.14000E+02 -0.13500E+02
 -0.13000E+02 -0.12500E+02 -0.12000E+02 -0.11500E+02 -0.11000E+02 -0.10500E+02
 -0.10000E+02 -0.95000E+01 -0.90000E+01 -0.85000E+01 -0.80000E+01 -0.75000E+01
 -0.70000E+01 -0.65000E+01 -0.60000E+01 -0.55000E+01 -0.50000E+01 -0.45000E+01
 -0.40000E+01 -0.35000E+01 -0.30000E+01 -0.25000E+01 -0.20000E+01 -0.15000E+01
 -0.10000E+01 -0.50000E+00  0.00000E+00  0.50000E+00  0.10000E+01  0.15000E+01
  0.20000E+01  0.25000E+01  0.30000E+01  0.35000E+01  0.40000E+01  0.45000E+01
  0.50000E+01  0.55000E+01  0.60000E+01  0.65000E+01  0.70000E+01  0.75000E+01
  0.80000E+01  0.85000E+01  0.90000E+01  0.95000E+01  0.10000E+02  0.10500E+02
  0.11000E+02  0.11500E+02  0.12000E+02  0.12500E+02  0.13000E+02  0.13500E+02
  0.14000E+02  0.14500E+02  0.15000E+02  0.15500E+02  0.16000E+02
  0.00000E+00  0.00000E+00  0.00000E+00  0.00000E+00  0.00000E+00  0.00000E+00
  0.00000E+00  0.00000E+00  0.00000E+00  0.00000E+00  0.00000E+00  0.00000E+00
  0.00000E+00  0.00000E+00  0.00000E+00  0.00000E+00  0.00000E+00  0.00000E+00
  0.00000E+00  0.00000E+00  0.00000E+00  0.00000E+00  0.00000E+00  0.00000E+00
  0.00000E+00  0.00000E+00  0.00000E+00  0.00000E+00  0.00000E+00  0.00000E+00
  0.00000E+00  0.00000E+00  0.00000E+00  0.00000E+00  0.00000E+00  0.00000E+00
  0.00000E+00  0.00000E+00  0.00000E+00  0.00000E+00  0.00000E+00  0.00000E+00
  0.00000E+00  0.00000E+00  0.00000E+00  0.00000E+00  0.00000E+00  0.00000E+00
  0.00000E+00  0.00000E+00  0.00000E+00  0.00000E+00  0.00000E+00  0.00000E+00
  0.00000E+00  0.00000E+00  0.00000E+00  0.00000E+00  0.00000E+00  0.00000E+00
  0.00000E+00  0.00000E+00  0.00000E+00  0.00000E+00  0.00000E+00
OSRCA ()                                                                        
UT= 0.02 LAT=   2.50 SLT=12.00 (HRS))                                           
VTGCM (DAY,HR,MIN=150, 0, 1)                                                    
Frame    2                                                                      
nx=   1 xx  OSRCA   
ny=  65 yy  LN(P0/P) (INTERFACES)                   
 -0.16000E+02 -0.15500E+02 -0.15000E+02 -0.14500E+02 -0.14000E+02 -0.13500E+02
 -0.13000E+02 -0.12500E+02 -0.12000E+02 -0.11500E+02 -0.11000E+02 -0.10500E+02
 -0.10000E+02 -0.95000E+01 -0.90000E+01 -0.85000E+01 -0.80000E+01 -0.75000E+01
 -0.70000E+01 -0.65000E+01 -0.60000E+01 -0.55000E+01 -0.50000E+01 -0.45000E+01
 -0.40000E+01 -0.35000E+01 -0.30000E+01 -0.25000E+01 -0.20000E+01 -0.15000E+01
 -0.10000E+01 -0.50000E+00  0.00000E+00  0.50000E+00  0.10000E+01  0.15000E+01
  0.20000E+01  0.25000E+01  0.30000E+01  0.35000E+01  0.40000E+01  0.45000E+01
  0.50000E+01  0.55000E+01  0.60000E+01  0.65000E+01  0.70000E+01  0.75000E+01
  0.80000E+01  0.85000E+01  0.90000E+01  0.95000E+01  0.10000E+02  0.10500E+02
  0.11000E+02  0.11500E+02  0.12000E+02  0.12500E+02  0.13000E+02  0.13500E+02
  0.14000E+02  0.14500E+02  0.15000E+02  0.15500E+02  0.16000E+02
  0.29792E+01  0.31070E+01  0.32337E+01  0.32571E+01  0.33053E+01  0.33276E+01
  0.33100E+01  0.32861E+01  0.32975E+01  0.33473E+01  0.33876E+01  0.33695E+01
  0.32848E+01  0.31515E+01  0.29844E+01  0.27998E+01  0.29079E+01  0.35296E+01
  0.42124E+01  0.46119E+01  0.48010E+01  0.48513E+01  0.48157E+01  0.47319E+01
  0.46234E+01  0.45008E+01  0.43645E+01  0.42118E+01  0.40436E+01  0.38768E+01
  0.37598E+01  0.37343E+01  0.37722E+01  0.38012E+01  0.37708E+01  0.36688E+01
  0.35049E+01  0.32949E+01  0.30531E+01  0.27886E+01  0.25057E+01  0.22058E+01
  0.18882E+01  0.15518E+01  0.11948E+01  0.81589E+00  0.41410E+00  0.10370E+00
  0.00000E+00  0.00000E+00  0.00000E+00  0.00000E+00  0.00000E+00  0.00000E+00
  0.00000E+00  0.00000E+00  0.00000E+00  0.00000E+00  0.00000E+00  0.00000E+00
  0.00000E+00  0.00000E+00  0.00000E+00  0.00000E+00  0.00000E+00
OSRCB ()                                                                        
UT= 0.02 LAT=   2.50 SLT=24.00 (HRS))                                           
VTGCM (DAY,HR,MIN=150, 0, 1)                                                    
Frame    3                                                                      
nx=   1 xx  OSRCB   
ny=  65 yy  LN(P0/P) (INTERFACES)                   
 -0.16000E+02 -0.15500E+02 -0.15000E+02 -0.14500E+02 -0.14000E+02 -0.13500E+02
 -0.13000E+02 -0.12500E+02 -0.12000E+02 -0.11500E+02 -0.11000E+02 -0.10500E+02
 -0.10000E+02 -0.95000E+01 -0.90000E+01 -0.85000E+01 -0.80000E+01 -0.75000E+01
 -0.70000E+01 -0.65000E+01 -0.60000E+01 -0.55000E+01 -0.50000E+01 -0.45000E+01
 -0.40000E+01 -0.35000E+01 -0.30000E+01 -0.25000E+01 -0.20000E+01 -0.15000E+01
 -0.10000E+01 -0.50000E+00  0.00000E+00  0.50000E+00  0.10000E+01  0.15000E+01
  0.20000E+01  0.25000E+01  0.30000E+01  0.35000E+01  0.40000E+01  0.45000E+01
  0.50000E+01  0.55000E+01  0.60000E+01  0.65000E+01  0.70000E+01  0.75000E+01
  0.80000E+01  0.85000E+01  0.90000E+01  0.95000E+01  0.10000E+02  0.10500E+02
  0.11000E+02  0.11500E+02  0.12000E+02  0.12500E+02  0.13000E+02  0.13500E+02
  0.14000E+02  0.14500E+02  0.15000E+02  0.15500E+02  0.16000E+02
  0.00000E+00  0.00000E+00  0.00000E+00  0.00000E+00  0.00000E+00  0.00000E+00
  0.00000E+00  0.00000E+00  0.00000E+00  0.00000E+00  0.00000E+00  0.00000E+00
  0.00000E+00  0.00000E+00  0.00000E+00  0.00000E+00  0.00000E+00  0.00000E+00
  0.00000E+00  0.00000E+00  0.00000E+00  0.00000E+00  0.00000E+00  0.00000E+00
  0.00000E+00  0.00000E+00  0.00000E+00  0.00000E+00  0.00000E+00  0.00000E+00
  0.00000E+00  0.00000E+00  0.00000E+00  0.00000E+00  0.00000E+00  0.00000E+00
  0.00000E+00  0.00000E+00  0.00000E+00  0.00000E+00  0.00000E+00  0.00000E+00
  0.00000E+00  0.00000E+00  0.00000E+00  0.00000E+00  0.00000E+00  0.00000E+00
  0.00000E+00  0.00000E+00  0.00000E+00  0.00000E+00  0.00000E+00  0.00000E+00
  0.00000E+00  0.00000E+00  0.00000E+00  0.00000E+00  0.00000E+00  0.00000E+00
  0.00000E+00  0.00000E+00  0.00000E+00  0.00000E+00  0.00000E+00
OSRCB ()                                                                        
UT= 0.02 LAT=   2.50 SLT=12.00 (HRS))                                           
VTGCM (DAY,HR,MIN=150, 0, 1)                                                    
Frame    4                                                                      
nx=   1 xx  OSRCB   
ny=  65 yy  LN(P0/P) (INTERFACES)                   
 -0.16000E+02 -0.15500E+02 -0.15000E+02 -0.14500E+02 -0.14000E+02 -0.13500E+02
 -0.13000E+02 -0.12500E+02 -0.12000E+02 -0.11500E+02 -0.11000E+02 -0.10500E+02
 -0.10000E+02 -0.95000E+01 -0.90000E+01 -0.85000E+01 -0.80000E+01 -0.75000E+01
 -0.70000E+01 -0.65000E+01 -0.60000E+01 -0.55000E+01 -0.50000E+01 -0.45000E+01
 -0.40000E+01 -0.35000E+01 -0.30000E+01 -0.25000E+01 -0.20000E+01 -0.15000E+01
 -0.10000E+01 -0.50000E+00  0.00000E+00  0.50000E+00  0.10000E+01  0.15000E+01
  0.20000E+01  0.25000E+01  0.30000E+01  0.35000E+01  0.40000E+01  0.45000E+01
  0.50000E+01  0.55000E+01  0.60000E+01  0.65000E+01  0.70000E+01  0.75000E+01
  0.80000E+01  0.85000E+01  0.90000E+01  0.95000E+01  0.10000E+02  0.10500E+02
  0.11000E+02  0.11500E+02  0.12000E+02  0.12500E+02  0.13000E+02  0.13500E+02
  0.14000E+02  0.14500E+02  0.15000E+02  0.15500E+02  0.16000E+02
  0.81432E-01  0.90560E-01  0.49843E-01  0.00000E+00  0.00000E+00  0.00000E+00
  0.00000E+00  0.13643E+00  0.41981E+00  0.66568E+00  0.80275E+00  0.84280E+00
  0.83997E+00  0.83358E+00  0.82507E+00  0.78958E+00  0.73221E+00  0.87527E+00
  0.13338E+01  0.18225E+01  0.21346E+01  0.22883E+01  0.23343E+01  0.23173E+01
  0.22638E+01  0.21815E+01  0.20696E+01  0.19295E+01  0.17665E+01  0.15874E+01
  0.13995E+01  0.12106E+01  0.10263E+01  0.84762E+00  0.67188E+00  0.49404E+00
  0.31013E+00  0.11898E+00  0.10803E-01  0.00000E+00  0.00000E+00  0.00000E+00
  0.00000E+00  0.00000E+00  0.00000E+00  0.00000E+00  0.00000E+00  0.00000E+00
  0.00000E+00  0.00000E+00  0.00000E+00  0.00000E+00  0.00000E+00  0.00000E+00
  0.00000E+00  0.00000E+00  0.00000E+00  0.00000E+00  0.00000E+00  0.00000E+00
  0.00000E+00  0.00000E+00  0.00000E+00  0.00000E+00  0.00000E+00
OSRCC ()                                                                        
UT= 0.02 LAT=   2.50 SLT=24.00 (HRS))                                           
VTGCM (DAY,HR,MIN=150, 0, 1)                                                    
Frame    5                                                                      
nx=   1 xx  OSRCC   
ny=  65 yy  LN(P0/P) (INTERFACES)                   
 -0.16000E+02 -0.15500E+02 -0.15000E+02 -0.14500E+02 -0.14000E+02 -0.13500E+02
 -0.13000E+02 -0.12500E+02 -0.12000E+02 -0.11500E+02 -0.11000E+02 -0.10500E+02
 -0.10000E+02 -0.95000E+01 -0.90000E+01 -0.85000E+01 -0.80000E+01 -0.75000E+01
 -0.70000E+01 -0.65000E+01 -0.60000E+01 -0.55000E+01 -0.50000E+01 -0.45000E+01
 -0.40000E+01 -0.35000E+01 -0.30000E+01 -0.25000E+01 -0.20000E+01 -0.15000E+01
 -0.10000E+01 -0.50000E+00  0.00000E+00  0.50000E+00  0.10000E+01  0.15000E+01
  0.20000E+01  0.25000E+01  0.30000E+01  0.35000E+01  0.40000E+01  0.45000E+01
  0.50000E+01  0.55000E+01  0.60000E+01  0.65000E+01  0.70000E+01  0.75000E+01
  0.80000E+01  0.85000E+01  0.90000E+01  0.95000E+01  0.10000E+02  0.10500E+02
  0.11000E+02  0.11500E+02  0.12000E+02  0.12500E+02  0.13000E+02  0.13500E+02
  0.14000E+02  0.14500E+02  0.15000E+02  0.15500E+02  0.16000E+02
  0.00000E+00  0.00000E+00  0.00000E+00  0.00000E+00  0.00000E+00  0.00000E+00
  0.00000E+00  0.00000E+00  0.00000E+00  0.00000E+00  0.00000E+00  0.00000E+00
  0.00000E+00  0.00000E+00  0.00000E+00  0.00000E+00  0.00000E+00  0.00000E+00
  0.00000E+00  0.00000E+00  0.00000E+00  0.00000E+00  0.00000E+00  0.00000E+00
  0.00000E+00  0.00000E+00  0.00000E+00  0.00000E+00  0.00000E+00  0.00000E+00
  0.00000E+00  0.00000E+00  0.00000E+00  0.00000E+00  0.00000E+00  0.00000E+00
  0.00000E+00  0.00000E+00  0.00000E+00  0.00000E+00  0.00000E+00  0.00000E+00
  0.00000E+00  0.00000E+00  0.00000E+00  0.00000E+00  0.00000E+00  0.00000E+00
  0.00000E+00  0.00000E+00  0.00000E+00  0.00000E+00  0.00000E+00  0.00000E+00
  0.00000E+00  0.00000E+00  0.00000E+00  0.00000E+00  0.00000E+00  0.00000E+00
  0.00000E+00  0.00000E+00  0.00000E+00  0.00000E+00  0.00000E+00
OSRCC ()                                                                        
UT= 0.02 LAT=   2.50 SLT=12.00 (HRS))                                           
VTGCM (DAY,HR,MIN=150, 0, 1)                                                    
Frame    6                                                                      
nx=   1 xx  OSRCC   
ny=  65 yy  LN(P0/P) (INTERFACES)                   
 -0.16000E+02 -0.15500E+02 -0.15000E+02 -0.14500E+02 -0.14000E+02 -0.13500E+02
 -0.13000E+02 -0.12500E+02 -0.12000E+02 -0.11500E+02 -0.11000E+02 -0.10500E+02
 -0.10000E+02 -0.95000E+01 -0.90000E+01 -0.85000E+01 -0.80000E+01 -0.75000E+01
 -0.70000E+01 -0.65000E+01 -0.60000E+01 -0.55000E+01 -0.50000E+01 -0.45000E+01
 -0.40000E+01 -0.35000E+01 -0.30000E+01 -0.25000E+01 -0.20000E+01 -0.15000E+01
 -0.10000E+01 -0.50000E+00  0.00000E+00  0.50000E+00  0.10000E+01  0.15000E+01
  0.20000E+01  0.25000E+01  0.30000E+01  0.35000E+01  0.40000E+01  0.45000E+01
  0.50000E+01  0.55000E+01  0.60000E+01  0.65000E+01  0.70000E+01  0.75000E+01
  0.80000E+01  0.85000E+01  0.90000E+01  0.95000E+01  0.10000E+02  0.10500E+02
  0.11000E+02  0.11500E+02  0.12000E+02  0.12500E+02  0.13000E+02  0.13500E+02
  0.14000E+02  0.14500E+02  0.15000E+02  0.15500E+02  0.16000E+02
  0.00000E+00  0.00000E+00  0.00000E+00  0.00000E+00  0.00000E+00  0.00000E+00
  0.00000E+00  0.00000E+00  0.00000E+00  0.00000E+00  0.00000E+00  0.00000E+00
  0.00000E+00  0.00000E+00  0.00000E+00  0.00000E+00  0.00000E+00  0.00000E+00
  0.00000E+00  0.00000E+00  0.00000E+00  0.41229E+00  0.14845E+01  0.24739E+01
  0.29559E+01  0.31639E+01  0.32325E+01  0.33163E+01  0.35495E+01  0.38737E+01
  0.41728E+01  0.44156E+01  0.45759E+01  0.46245E+01  0.45722E+01  0.44495E+01
  0.42756E+01  0.40687E+01  0.38427E+01  0.36053E+01  0.33602E+01  0.31091E+01
  0.28537E+01  0.25949E+01  0.23347E+01  0.20790E+01  0.18351E+01  0.16080E+01
  0.13979E+01  0.11984E+01  0.10012E+01  0.79913E+00  0.58930E+00  0.37047E+00
  0.13533E+00  0.60788E-02  0.00000E+00  0.00000E+00  0.00000E+00  0.00000E+00
  0.00000E+00  0.00000E+00  0.00000E+00  0.00000E+00  0.00000E+00
OSRCD ()                                                                        
UT= 0.02 LAT=   2.50 SLT=24.00 (HRS))                                           
VTGCM (DAY,HR,MIN=150, 0, 1)                                                    
Frame    7                                                                      
nx=   1 xx  OSRCD   
ny=  65 yy  LN(P0/P) (INTERFACES)                   
 -0.16000E+02 -0.15500E+02 -0.15000E+02 -0.14500E+02 -0.14000E+02 -0.13500E+02
 -0.13000E+02 -0.12500E+02 -0.12000E+02 -0.11500E+02 -0.11000E+02 -0.10500E+02
 -0.10000E+02 -0.95000E+01 -0.90000E+01 -0.85000E+01 -0.80000E+01 -0.75000E+01
 -0.70000E+01 -0.65000E+01 -0.60000E+01 -0.55000E+01 -0.50000E+01 -0.45000E+01
 -0.40000E+01 -0.35000E+01 -0.30000E+01 -0.25000E+01 -0.20000E+01 -0.15000E+01
 -0.10000E+01 -0.50000E+00  0.00000E+00  0.50000E+00  0.10000E+01  0.15000E+01
  0.20000E+01  0.25000E+01  0.30000E+01  0.35000E+01  0.40000E+01  0.45000E+01
  0.50000E+01  0.55000E+01  0.60000E+01  0.65000E+01  0.70000E+01  0.75000E+01
  0.80000E+01  0.85000E+01  0.90000E+01  0.95000E+01  0.10000E+02  0.10500E+02
  0.11000E+02  0.11500E+02  0.12000E+02  0.12500E+02  0.13000E+02  0.13500E+02
  0.14000E+02  0.14500E+02  0.15000E+02  0.15500E+02  0.16000E+02
  0.00000E+00  0.00000E+00  0.00000E+00  0.00000E+00  0.00000E+00  0.00000E+00
  0.00000E+00  0.00000E+00  0.00000E+00  0.00000E+00  0.00000E+00  0.00000E+00
  0.00000E+00  0.00000E+00  0.00000E+00  0.00000E+00  0.00000E+00  0.00000E+00
  0.00000E+00  0.00000E+00  0.00000E+00  0.00000E+00  0.00000E+00  0.00000E+00
  0.00000E+00  0.00000E+00  0.00000E+00  0.00000E+00  0.00000E+00  0.00000E+00
  0.00000E+00  0.00000E+00  0.00000E+00  0.00000E+00  0.00000E+00  0.00000E+00
  0.00000E+00  0.00000E+00  0.00000E+00  0.00000E+00  0.00000E+00  0.00000E+00
  0.00000E+00  0.00000E+00  0.00000E+00  0.00000E+00  0.00000E+00  0.00000E+00
  0.00000E+00  0.00000E+00  0.00000E+00  0.00000E+00  0.00000E+00  0.00000E+00
  0.00000E+00  0.00000E+00  0.00000E+00  0.00000E+00  0.00000E+00  0.00000E+00
  0.00000E+00  0.00000E+00  0.00000E+00  0.00000E+00  0.00000E+00
OSRCD ()                                                                        
UT= 0.02 LAT=   2.50 SLT=12.00 (HRS))                                           
VTGCM (DAY,HR,MIN=150, 0, 1)                                                    
Frame    8                                                                      
nx=   1 xx  OSRCD   
ny=  65 yy  LN(P0/P) (INTERFACES)                   
 -0.16000E+02 -0.15500E+02 -0.15000E+02 -0.14500E+02 -0.14000E+02 -0.13500E+02
 -0.13000E+02 -0.12500E+02 -0.12000E+02 -0.11500E+02 -0.11000E+02 -0.10500E+02
 -0.10000E+02 -0.95000E+01 -0.90000E+01 -0.85000E+01 -0.80000E+01 -0.75000E+01
 -0.70000E+01 -0.65000E+01 -0.60000E+01 -0.55000E+01 -0.50000E+01 -0.45000E+01
 -0.40000E+01 -0.35000E+01 -0.30000E+01 -0.25000E+01 -0.20000E+01 -0.15000E+01
 -0.10000E+01 -0.50000E+00  0.00000E+00  0.50000E+00  0.10000E+01  0.15000E+01
  0.20000E+01  0.25000E+01  0.30000E+01  0.35000E+01  0.40000E+01  0.45000E+01
  0.50000E+01  0.55000E+01  0.60000E+01  0.65000E+01  0.70000E+01  0.75000E+01
  0.80000E+01  0.85000E+01  0.90000E+01  0.95000E+01  0.10000E+02  0.10500E+02
  0.11000E+02  0.11500E+02  0.12000E+02  0.12500E+02  0.13000E+02  0.13500E+02
  0.14000E+02  0.14500E+02  0.15000E+02  0.15500E+02  0.16000E+02
  0.00000E+00  0.00000E+00  0.00000E+00  0.00000E+00  0.00000E+00  0.00000E+00
  0.00000E+00  0.00000E+00  0.00000E+00  0.00000E+00  0.00000E+00  0.00000E+00
  0.00000E+00  0.00000E+00  0.00000E+00  0.00000E+00  0.00000E+00  0.00000E+00
  0.00000E+00  0.00000E+00  0.00000E+00  0.00000E+00  0.00000E+00  0.00000E+00
  0.00000E+00  0.95034E-01  0.26041E+00  0.53536E+00  0.10746E+01  0.17232E+01
  0.23088E+01  0.27959E+01  0.31461E+01  0.33095E+01  0.33184E+01  0.32343E+01
  0.30751E+01  0.28660E+01  0.26248E+01  0.23628E+01  0.20860E+01  0.17969E+01
  0.14955E+01  0.11800E+01  0.84738E+00  0.49571E+00  0.15748E+00  0.00000E+00
  0.00000E+00  0.00000E+00  0.00000E+00  0.00000E+00  0.00000E+00  0.00000E+00
  0.00000E+00  0.00000E+00  0.00000E+00  0.00000E+00  0.00000E+00  0.00000E+00
  0.00000E+00  0.00000E+00  0.00000E+00  0.00000E+00  0.00000E+00
OSRCT ()                                                                        
UT= 0.02 LAT=   2.50 SLT=24.00 (HRS))                                           
VTGCM (DAY,HR,MIN=150, 0, 1)                                                    
Frame    9                                                                      
nx=   1 xx  OSRCT   
ny=  65 yy  LN(P0/P) (INTERFACES)                   
 -0.16000E+02 -0.15500E+02 -0.15000E+02 -0.14500E+02 -0.14000E+02 -0.13500E+02
 -0.13000E+02 -0.12500E+02 -0.12000E+02 -0.11500E+02 -0.11000E+02 -0.10500E+02
 -0.10000E+02 -0.95000E+01 -0.90000E+01 -0.85000E+01 -0.80000E+01 -0.75000E+01
 -0.70000E+01 -0.65000E+01 -0.60000E+01 -0.55000E+01 -0.50000E+01 -0.45000E+01
 -0.40000E+01 -0.35000E+01 -0.30000E+01 -0.25000E+01 -0.20000E+01 -0.15000E+01
 -0.10000E+01 -0.50000E+00  0.00000E+00  0.50000E+00  0.10000E+01  0.15000E+01
  0.20000E+01  0.25000E+01  0.30000E+01  0.35000E+01  0.40000E+01  0.45000E+01
  0.50000E+01  0.55000E+01  0.60000E+01  0.65000E+01  0.70000E+01  0.75000E+01
  0.80000E+01  0.85000E+01  0.90000E+01  0.95000E+01  0.10000E+02  0.10500E+02
  0.11000E+02  0.11500E+02  0.12000E+02  0.12500E+02  0.13000E+02  0.13500E+02
  0.14000E+02  0.14500E+02  0.15000E+02  0.15500E+02  0.16000E+02
  0.60206E+00  0.60206E+00  0.60206E+00  0.60206E+00  0.60206E+00  0.60206E+00
  0.60206E+00  0.60206E+00  0.60206E+00  0.60206E+00  0.60206E+00  0.60206E+00
  0.60206E+00  0.60206E+00  0.60206E+00  0.60206E+00  0.60206E+00  0.60206E+00
  0.60206E+00  0.60206E+00  0.60206E+00  0.60206E+00  0.60206E+00  0.60206E+00
  0.60206E+00  0.60206E+00  0.60206E+00  0.60206E+00  0.60206E+00  0.60206E+00
  0.60206E+00  0.60206E+00  0.60206E+00  0.60206E+00  0.60206E+00  0.60206E+00
  0.60206E+00  0.60206E+00  0.60206E+00  0.60206E+00  0.60206E+00  0.60206E+00
  0.60206E+00  0.60206E+00  0.60206E+00  0.60206E+00  0.60206E+00  0.60206E+00
  0.60206E+00  0.60206E+00  0.60206E+00  0.60206E+00  0.60206E+00  0.60206E+00
  0.60206E+00  0.60206E+00  0.60206E+00  0.60206E+00  0.60206E+00  0.60206E+00
  0.60206E+00  0.60206E+00  0.60206E+00  0.60206E+00  0.60206E+00
OSRCT ()                                                                        
UT= 0.02 LAT=   2.50 SLT=12.00 (HRS))                                           
VTGCM (DAY,HR,MIN=150, 0, 1)                                                    
Frame   10                                                                      
nx=   1 xx  OSRCT   
ny=  65 yy  LN(P0/P) (INTERFACES)                   
 -0.16000E+02 -0.15500E+02 -0.15000E+02 -0.14500E+02 -0.14000E+02 -0.13500E+02
 -0.13000E+02 -0.12500E+02 -0.12000E+02 -0.11500E+02 -0.11000E+02 -0.10500E+02
 -0.10000E+02 -0.95000E+01 -0.90000E+01 -0.85000E+01 -0.80000E+01 -0.75000E+01
 -0.70000E+01 -0.65000E+01 -0.60000E+01 -0.55000E+01 -0.50000E+01 -0.45000E+01
 -0.40000E+01 -0.35000E+01 -0.30000E+01 -0.25000E+01 -0.20000E+01 -0.15000E+01
 -0.10000E+01 -0.50000E+00  0.00000E+00  0.50000E+00  0.10000E+01  0.15000E+01
  0.20000E+01  0.25000E+01  0.30000E+01  0.35000E+01  0.40000E+01  0.45000E+01
  0.50000E+01  0.55000E+01  0.60000E+01  0.65000E+01  0.70000E+01  0.75000E+01
  0.80000E+01  0.85000E+01  0.90000E+01  0.95000E+01  0.10000E+02  0.10500E+02
  0.11000E+02  0.11500E+02  0.12000E+02  0.12500E+02  0.13000E+02  0.13500E+02
  0.14000E+02  0.14500E+02  0.15000E+02  0.15500E+02  0.16000E+02
  0.29798E+01  0.31075E+01  0.32339E+01  0.32573E+01  0.33054E+01  0.33278E+01
  0.33102E+01  0.32865E+01  0.32981E+01  0.33483E+01  0.33888E+01  0.33708E+01
  0.32863E+01  0.31536E+01  0.29874E+01  0.28040E+01  0.29112E+01  0.35308E+01
  0.42129E+01  0.46126E+01  0.48019E+01  0.48525E+01  0.48176E+01  0.47369E+01
  0.46356E+01  0.45230E+01  0.43980E+01  0.42686E+01  0.41797E+01  0.41957E+01
  0.43269E+01  0.45083E+01  0.46535E+01  0.47033E+01  0.46565E+01  0.45382E+01
  0.43664E+01  0.41590E+01  0.39301E+01  0.36880E+01  0.34369E+01  0.31788E+01
  0.29154E+01  0.26478E+01  0.23784E+01  0.21131E+01  0.18598E+01  0.16246E+01
  0.14083E+01  0.12048E+01  0.10053E+01  0.80171E+00  0.59075E+00  0.37118E+00
  0.13565E+00  0.61718E-02  0.00000E+00  0.00000E+00  0.00000E+00  0.00000E+00
  0.00000E+00  0.00000E+00  0.00000E+00  0.00000E+00  0.00000E+00
OLOSSA ()                                                                       
UT= 0.02 LAT=   2.50 SLT=24.00 (HRS))                                           
VTGCM (DAY,HR,MIN=150, 0, 1)                                                    
Frame   11                                                                      
nx=   1 xx  OLOSSA  
ny=  65 yy  LN(P0/P) (INTERFACES)                   
 -0.16000E+02 -0.15500E+02 -0.15000E+02 -0.14500E+02 -0.14000E+02 -0.13500E+02
 -0.13000E+02 -0.12500E+02 -0.12000E+02 -0.11500E+02 -0.11000E+02 -0.10500E+02
 -0.10000E+02 -0.95000E+01 -0.90000E+01 -0.85000E+01 -0.80000E+01 -0.75000E+01
 -0.70000E+01 -0.65000E+01 -0.60000E+01 -0.55000E+01 -0.50000E+01 -0.45000E+01
 -0.40000E+01 -0.35000E+01 -0.30000E+01 -0.25000E+01 -0.20000E+01 -0.15000E+01
 -0.10000E+01 -0.50000E+00  0.00000E+00  0.50000E+00  0.10000E+01  0.15000E+01
  0.20000E+01  0.25000E+01  0.30000E+01  0.35000E+01  0.40000E+01  0.45000E+01
  0.50000E+01  0.55000E+01  0.60000E+01  0.65000E+01  0.70000E+01  0.75000E+01
  0.80000E+01  0.85000E+01  0.90000E+01  0.95000E+01  0.10000E+02  0.10500E+02
  0.11000E+02  0.11500E+02  0.12000E+02  0.12500E+02  0.13000E+02  0.13500E+02
  0.14000E+02  0.14500E+02  0.15000E+02  0.15500E+02  0.16000E+02
  0.00000E+00  0.00000E+00  0.00000E+00  0.00000E+00  0.00000E+00  0.00000E+00
  0.00000E+00  0.00000E+00  0.00000E+00  0.00000E+00  0.19119E+00  0.17155E+01
  0.38263E+01  0.51504E+01  0.60461E+01  0.65826E+01  0.67699E+01  0.65943E+01
  0.61957E+01  0.57704E+01  0.53753E+01  0.49888E+01  0.45939E+01  0.41833E+01
  0.37587E+01  0.33250E+01  0.28856E+01  0.24422E+01  0.19970E+01  0.15544E+01
  0.11195E+01  0.69400E+00  0.27757E+00  0.35798E-01  0.00000E+00  0.00000E+00
  0.00000E+00  0.00000E+00  0.00000E+00  0.00000E+00  0.00000E+00  0.00000E+00
  0.00000E+00  0.00000E+00  0.00000E+00  0.00000E+00  0.00000E+00  0.00000E+00
  0.00000E+00  0.00000E+00  0.00000E+00  0.00000E+00  0.00000E+00  0.00000E+00
  0.00000E+00  0.00000E+00  0.00000E+00  0.00000E+00  0.00000E+00  0.00000E+00
  0.00000E+00  0.00000E+00  0.00000E+00  0.00000E+00  0.00000E+00
OLOSSA ()                                                                       
UT= 0.02 LAT=   2.50 SLT=12.00 (HRS))                                           
VTGCM (DAY,HR,MIN=150, 0, 1)                                                    
Frame   12                                                                      
nx=   1 xx  OLOSSA  
ny=  65 yy  LN(P0/P) (INTERFACES)                   
 -0.16000E+02 -0.15500E+02 -0.15000E+02 -0.14500E+02 -0.14000E+02 -0.13500E+02
 -0.13000E+02 -0.12500E+02 -0.12000E+02 -0.11500E+02 -0.11000E+02 -0.10500E+02
 -0.10000E+02 -0.95000E+01 -0.90000E+01 -0.85000E+01 -0.80000E+01 -0.75000E+01
 -0.70000E+01 -0.65000E+01 -0.60000E+01 -0.55000E+01 -0.50000E+01 -0.45000E+01
 -0.40000E+01 -0.35000E+01 -0.30000E+01 -0.25000E+01 -0.20000E+01 -0.15000E+01
 -0.10000E+01 -0.50000E+00  0.00000E+00  0.50000E+00  0.10000E+01  0.15000E+01
  0.20000E+01  0.25000E+01  0.30000E+01  0.35000E+01  0.40000E+01  0.45000E+01
  0.50000E+01  0.55000E+01  0.60000E+01  0.65000E+01  0.70000E+01  0.75000E+01
  0.80000E+01  0.85000E+01  0.90000E+01  0.95000E+01  0.10000E+02  0.10500E+02
  0.11000E+02  0.11500E+02  0.12000E+02  0.12500E+02  0.13000E+02  0.13500E+02
  0.14000E+02  0.14500E+02  0.15000E+02  0.15500E+02  0.16000E+02
  0.18938E+01  0.23382E+01  0.30000E+01  0.34744E+01  0.40125E+01  0.43553E+01
  0.44636E+01  0.45551E+01  0.46748E+01  0.49208E+01  0.52873E+01  0.56008E+01
  0.57468E+01  0.57269E+01  0.55694E+01  0.52938E+01  0.49222E+01  0.44977E+01
  0.40438E+01  0.35671E+01  0.31231E+01  0.27456E+01  0.24218E+01  0.21480E+01
  0.19195E+01  0.17109E+01  0.14728E+01  0.11672E+01  0.80071E+00  0.39859E+00
  0.95199E-01  0.00000E+00  0.00000E+00  0.00000E+00  0.00000E+00  0.00000E+00
  0.00000E+00  0.00000E+00  0.00000E+00  0.00000E+00  0.00000E+00  0.00000E+00
  0.00000E+00  0.00000E+00  0.00000E+00  0.00000E+00  0.00000E+00  0.00000E+00
  0.00000E+00  0.00000E+00  0.00000E+00  0.00000E+00  0.00000E+00  0.00000E+00
  0.00000E+00  0.00000E+00  0.00000E+00  0.00000E+00  0.00000E+00  0.00000E+00
  0.00000E+00  0.00000E+00  0.00000E+00  0.00000E+00  0.00000E+00
OLOSSB ()                                                                       
UT= 0.02 LAT=   2.50 SLT=24.00 (HRS))                                           
VTGCM (DAY,HR,MIN=150, 0, 1)                                                    
Frame   13                                                                      
nx=   1 xx  OLOSSB  
ny=  65 yy  LN(P0/P) (INTERFACES)                   
 -0.16000E+02 -0.15500E+02 -0.15000E+02 -0.14500E+02 -0.14000E+02 -0.13500E+02
 -0.13000E+02 -0.12500E+02 -0.12000E+02 -0.11500E+02 -0.11000E+02 -0.10500E+02
 -0.10000E+02 -0.95000E+01 -0.90000E+01 -0.85000E+01 -0.80000E+01 -0.75000E+01
 -0.70000E+01 -0.65000E+01 -0.60000E+01 -0.55000E+01 -0.50000E+01 -0.45000E+01
 -0.40000E+01 -0.35000E+01 -0.30000E+01 -0.25000E+01 -0.20000E+01 -0.15000E+01
 -0.10000E+01 -0.50000E+00  0.00000E+00  0.50000E+00  0.10000E+01  0.15000E+01
  0.20000E+01  0.25000E+01  0.30000E+01  0.35000E+01  0.40000E+01  0.45000E+01
  0.50000E+01  0.55000E+01  0.60000E+01  0.65000E+01  0.70000E+01  0.75000E+01
  0.80000E+01  0.85000E+01  0.90000E+01  0.95000E+01  0.10000E+02  0.10500E+02
  0.11000E+02  0.11500E+02  0.12000E+02  0.12500E+02  0.13000E+02  0.13500E+02
  0.14000E+02  0.14500E+02  0.15000E+02  0.15500E+02  0.16000E+02
  0.00000E+00  0.00000E+00  0.00000E+00  0.00000E+00  0.00000E+00  0.00000E+00
  0.00000E+00  0.00000E+00  0.00000E+00  0.00000E+00  0.00000E+00  0.00000E+00
  0.00000E+00  0.00000E+00  0.00000E+00  0.00000E+00  0.00000E+00  0.00000E+00
  0.00000E+00  0.00000E+00  0.00000E+00  0.00000E+00  0.00000E+00  0.00000E+00
  0.00000E+00  0.00000E+00  0.00000E+00  0.00000E+00  0.00000E+00  0.00000E+00
  0.00000E+00  0.00000E+00  0.00000E+00  0.00000E+00  0.00000E+00  0.00000E+00
  0.00000E+00  0.00000E+00  0.00000E+00  0.00000E+00  0.00000E+00  0.00000E+00
  0.00000E+00  0.00000E+00  0.00000E+00  0.00000E+00  0.00000E+00  0.00000E+00
  0.00000E+00  0.00000E+00  0.00000E+00  0.00000E+00  0.00000E+00  0.00000E+00
  0.00000E+00  0.00000E+00  0.00000E+00  0.00000E+00  0.00000E+00  0.00000E+00
  0.00000E+00  0.00000E+00  0.00000E+00  0.00000E+00  0.00000E+00
OLOSSB ()                                                                       
UT= 0.02 LAT=   2.50 SLT=12.00 (HRS))                                           
VTGCM (DAY,HR,MIN=150, 0, 1)                                                    
Frame   14                                                                      
nx=   1 xx  OLOSSB  
ny=  65 yy  LN(P0/P) (INTERFACES)                   
 -0.16000E+02 -0.15500E+02 -0.15000E+02 -0.14500E+02 -0.14000E+02 -0.13500E+02
 -0.13000E+02 -0.12500E+02 -0.12000E+02 -0.11500E+02 -0.11000E+02 -0.10500E+02
 -0.10000E+02 -0.95000E+01 -0.90000E+01 -0.85000E+01 -0.80000E+01 -0.75000E+01
 -0.70000E+01 -0.65000E+01 -0.60000E+01 -0.55000E+01 -0.50000E+01 -0.45000E+01
 -0.40000E+01 -0.35000E+01 -0.30000E+01 -0.25000E+01 -0.20000E+01 -0.15000E+01
 -0.10000E+01 -0.50000E+00  0.00000E+00  0.50000E+00  0.10000E+01  0.15000E+01
  0.20000E+01  0.25000E+01  0.30000E+01  0.35000E+01  0.40000E+01  0.45000E+01
  0.50000E+01  0.55000E+01  0.60000E+01  0.65000E+01  0.70000E+01  0.75000E+01
  0.80000E+01  0.85000E+01  0.90000E+01  0.95000E+01  0.10000E+02  0.10500E+02
  0.11000E+02  0.11500E+02  0.12000E+02  0.12500E+02  0.13000E+02  0.13500E+02
  0.14000E+02  0.14500E+02  0.15000E+02  0.15500E+02  0.16000E+02
  0.00000E+00  0.00000E+00  0.00000E+00  0.00000E+00  0.00000E+00  0.00000E+00
  0.00000E+00  0.00000E+00  0.00000E+00  0.00000E+00  0.00000E+00  0.00000E+00
  0.00000E+00  0.00000E+00  0.00000E+00  0.00000E+00  0.00000E+00  0.00000E+00
  0.00000E+00  0.00000E+00  0.00000E+00  0.32766E+00  0.11444E+01  0.19041E+01
  0.23092E+01  0.24995E+01  0.25871E+01  0.27417E+01  0.30663E+01  0.34483E+01
  0.37798E+01  0.40452E+01  0.42186E+01  0.42829E+01  0.42449E+01  0.41263E+01
  0.39532E+01  0.37443E+01  0.35131E+01  0.32670E+01  0.30085E+01  0.27368E+01
  0.24489E+01  0.21397E+01  0.18027E+01  0.14310E+01  0.10194E+01  0.56560E+00
  0.16405E+00  0.00000E+00  0.00000E+00  0.00000E+00  0.00000E+00  0.00000E+00
  0.00000E+00  0.00000E+00  0.00000E+00  0.00000E+00  0.00000E+00  0.00000E+00
  0.00000E+00  0.00000E+00  0.00000E+00  0.00000E+00  0.00000E+00
OLOSSC ()                                                                       
UT= 0.02 LAT=   2.50 SLT=24.00 (HRS))                                           
VTGCM (DAY,HR,MIN=150, 0, 1)                                                    
Frame   15                                                                      
nx=   1 xx  OLOSSC  
ny=  65 yy  LN(P0/P) (INTERFACES)                   
 -0.16000E+02 -0.15500E+02 -0.15000E+02 -0.14500E+02 -0.14000E+02 -0.13500E+02
 -0.13000E+02 -0.12500E+02 -0.12000E+02 -0.11500E+02 -0.11000E+02 -0.10500E+02
 -0.10000E+02 -0.95000E+01 -0.90000E+01 -0.85000E+01 -0.80000E+01 -0.75000E+01
 -0.70000E+01 -0.65000E+01 -0.60000E+01 -0.55000E+01 -0.50000E+01 -0.45000E+01
 -0.40000E+01 -0.35000E+01 -0.30000E+01 -0.25000E+01 -0.20000E+01 -0.15000E+01
 -0.10000E+01 -0.50000E+00  0.00000E+00  0.50000E+00  0.10000E+01  0.15000E+01
  0.20000E+01  0.25000E+01  0.30000E+01  0.35000E+01  0.40000E+01  0.45000E+01
  0.50000E+01  0.55000E+01  0.60000E+01  0.65000E+01  0.70000E+01  0.75000E+01
  0.80000E+01  0.85000E+01  0.90000E+01  0.95000E+01  0.10000E+02  0.10500E+02
  0.11000E+02  0.11500E+02  0.12000E+02  0.12500E+02  0.13000E+02  0.13500E+02
  0.14000E+02  0.14500E+02  0.15000E+02  0.15500E+02  0.16000E+02
  0.41830E+01  0.39818E+01  0.37404E+01  0.36373E+01  0.33699E+01  0.28089E+01
  0.20108E+01  0.13721E+01  0.93533E+00  0.39529E+00  0.19472E+01  0.43276E+01
  0.51339E+01  0.55925E+01  0.58636E+01  0.59394E+01  0.57576E+01  0.53091E+01
  0.47588E+01  0.42610E+01  0.38198E+01  0.33972E+01  0.29682E+01  0.25201E+01
  0.20530E+01  0.15719E+01  0.10814E+01  0.58417E+00  0.16706E+00  0.00000E+00
  0.00000E+00  0.00000E+00  0.00000E+00  0.00000E+00  0.00000E+00  0.00000E+00
  0.00000E+00  0.00000E+00  0.00000E+00  0.00000E+00  0.00000E+00  0.00000E+00
  0.00000E+00  0.00000E+00  0.00000E+00  0.00000E+00  0.00000E+00  0.00000E+00
  0.00000E+00  0.00000E+00  0.00000E+00  0.00000E+00  0.00000E+00  0.00000E+00
  0.00000E+00  0.00000E+00  0.00000E+00  0.00000E+00  0.00000E+00  0.00000E+00
  0.00000E+00  0.00000E+00  0.00000E+00  0.00000E+00  0.00000E+00
OLOSSC ()                                                                       
UT= 0.02 LAT=   2.50 SLT=12.00 (HRS))                                           
VTGCM (DAY,HR,MIN=150, 0, 1)                                                    
Frame   16                                                                      
nx=   1 xx  OLOSSC  
ny=  65 yy  LN(P0/P) (INTERFACES)                   
 -0.16000E+02 -0.15500E+02 -0.15000E+02 -0.14500E+02 -0.14000E+02 -0.13500E+02
 -0.13000E+02 -0.12500E+02 -0.12000E+02 -0.11500E+02 -0.11000E+02 -0.10500E+02
 -0.10000E+02 -0.95000E+01 -0.90000E+01 -0.85000E+01 -0.80000E+01 -0.75000E+01
 -0.70000E+01 -0.65000E+01 -0.60000E+01 -0.55000E+01 -0.50000E+01 -0.45000E+01
 -0.40000E+01 -0.35000E+01 -0.30000E+01 -0.25000E+01 -0.20000E+01 -0.15000E+01
 -0.10000E+01 -0.50000E+00  0.00000E+00  0.50000E+00  0.10000E+01  0.15000E+01
  0.20000E+01  0.25000E+01  0.30000E+01  0.35000E+01  0.40000E+01  0.45000E+01
  0.50000E+01  0.55000E+01  0.60000E+01  0.65000E+01  0.70000E+01  0.75000E+01
  0.80000E+01  0.85000E+01  0.90000E+01  0.95000E+01  0.10000E+02  0.10500E+02
  0.11000E+02  0.11500E+02  0.12000E+02  0.12500E+02  0.13000E+02  0.13500E+02
  0.14000E+02  0.14500E+02  0.15000E+02  0.15500E+02  0.16000E+02
  0.64166E+01  0.65359E+01  0.66418E+01  0.66375E+01  0.66611E+01  0.66731E+01
  0.66533E+01  0.66159E+01  0.65752E+01  0.65204E+01  0.64177E+01  0.62391E+01
  0.60013E+01  0.57474E+01  0.54749E+01  0.51370E+01  0.46909E+01  0.41480E+01
  0.35440E+01  0.28970E+01  0.22711E+01  0.17130E+01  0.12182E+01  0.78238E+00
  0.39250E+00  0.10357E+00  0.00000E+00  0.00000E+00  0.00000E+00  0.00000E+00
  0.00000E+00  0.00000E+00  0.00000E+00  0.00000E+00  0.00000E+00  0.00000E+00
  0.00000E+00  0.00000E+00  0.00000E+00  0.00000E+00  0.00000E+00  0.00000E+00
  0.00000E+00  0.00000E+00  0.00000E+00  0.00000E+00  0.00000E+00  0.00000E+00
  0.00000E+00  0.00000E+00  0.00000E+00  0.00000E+00  0.00000E+00  0.00000E+00
  0.00000E+00  0.00000E+00  0.00000E+00  0.00000E+00  0.00000E+00  0.00000E+00
  0.00000E+00  0.00000E+00  0.00000E+00  0.00000E+00  0.00000E+00
OLOSSD ()                                                                       
UT= 0.02 LAT=   2.50 SLT=24.00 (HRS))                                           
VTGCM (DAY,HR,MIN=150, 0, 1)                                                    
Frame   17                                                                      
nx=   1 xx  OLOSSD  
ny=  65 yy  LN(P0/P) (INTERFACES)                   
 -0.16000E+02 -0.15500E+02 -0.15000E+02 -0.14500E+02 -0.14000E+02 -0.13500E+02
 -0.13000E+02 -0.12500E+02 -0.12000E+02 -0.11500E+02 -0.11000E+02 -0.10500E+02
 -0.10000E+02 -0.95000E+01 -0.90000E+01 -0.85000E+01 -0.80000E+01 -0.75000E+01
 -0.70000E+01 -0.65000E+01 -0.60000E+01 -0.55000E+01 -0.50000E+01 -0.45000E+01
 -0.40000E+01 -0.35000E+01 -0.30000E+01 -0.25000E+01 -0.20000E+01 -0.15000E+01
 -0.10000E+01 -0.50000E+00  0.00000E+00  0.50000E+00  0.10000E+01  0.15000E+01
  0.20000E+01  0.25000E+01  0.30000E+01  0.35000E+01  0.40000E+01  0.45000E+01
  0.50000E+01  0.55000E+01  0.60000E+01  0.65000E+01  0.70000E+01  0.75000E+01
  0.80000E+01  0.85000E+01  0.90000E+01  0.95000E+01  0.10000E+02  0.10500E+02
  0.11000E+02  0.11500E+02  0.12000E+02  0.12500E+02  0.13000E+02  0.13500E+02
  0.14000E+02  0.14500E+02  0.15000E+02  0.15500E+02  0.16000E+02
  0.00000E+00  0.00000E+00  0.00000E+00  0.00000E+00  0.00000E+00  0.00000E+00
  0.00000E+00  0.00000E+00  0.00000E+00  0.00000E+00  0.00000E+00  0.15190E+00
  0.64518E+00  0.12421E+01  0.16914E+01  0.20206E+01  0.21203E+01  0.18492E+01
  0.12496E+01  0.45131E+00  0.87592E-02  0.00000E+00  0.00000E+00  0.00000E+00
  0.00000E+00  0.00000E+00  0.00000E+00  0.00000E+00  0.00000E+00  0.00000E+00
  0.00000E+00  0.00000E+00  0.00000E+00  0.00000E+00  0.00000E+00  0.00000E+00
  0.00000E+00  0.00000E+00  0.00000E+00  0.00000E+00  0.00000E+00  0.00000E+00
  0.00000E+00  0.00000E+00  0.00000E+00  0.00000E+00  0.00000E+00  0.00000E+00
  0.00000E+00  0.00000E+00  0.00000E+00  0.00000E+00  0.00000E+00  0.00000E+00
  0.00000E+00  0.00000E+00  0.00000E+00  0.00000E+00  0.00000E+00  0.00000E+00
  0.00000E+00  0.00000E+00  0.00000E+00  0.00000E+00  0.00000E+00
OLOSSD ()                                                                       
UT= 0.02 LAT=   2.50 SLT=12.00 (HRS))                                           
VTGCM (DAY,HR,MIN=150, 0, 1)                                                    
Frame   18                                                                      
nx=   1 xx  OLOSSD  
ny=  65 yy  LN(P0/P) (INTERFACES)                   
 -0.16000E+02 -0.15500E+02 -0.15000E+02 -0.14500E+02 -0.14000E+02 -0.13500E+02
 -0.13000E+02 -0.12500E+02 -0.12000E+02 -0.11500E+02 -0.11000E+02 -0.10500E+02
 -0.10000E+02 -0.95000E+01 -0.90000E+01 -0.85000E+01 -0.80000E+01 -0.75000E+01
 -0.70000E+01 -0.65000E+01 -0.60000E+01 -0.55000E+01 -0.50000E+01 -0.45000E+01
 -0.40000E+01 -0.35000E+01 -0.30000E+01 -0.25000E+01 -0.20000E+01 -0.15000E+01
 -0.10000E+01 -0.50000E+00  0.00000E+00  0.50000E+00  0.10000E+01  0.15000E+01
  0.20000E+01  0.25000E+01  0.30000E+01  0.35000E+01  0.40000E+01  0.45000E+01
  0.50000E+01  0.55000E+01  0.60000E+01  0.65000E+01  0.70000E+01  0.75000E+01
  0.80000E+01  0.85000E+01  0.90000E+01  0.95000E+01  0.10000E+02  0.10500E+02
  0.11000E+02  0.11500E+02  0.12000E+02  0.12500E+02  0.13000E+02  0.13500E+02
  0.14000E+02  0.14500E+02  0.15000E+02  0.15500E+02  0.16000E+02
  0.30521E+01  0.27575E+01  0.21303E+01  0.15878E+01  0.13156E+01  0.12132E+01
  0.12243E+01  0.11570E+01  0.82025E+00  0.51135E+00  0.39798E+00  0.49271E+00
  0.65401E+00  0.61278E+00  0.46562E+00  0.32966E+00  0.16392E+00  0.36050E-01
  0.00000E+00  0.00000E+00  0.00000E+00  0.00000E+00  0.00000E+00  0.00000E+00
  0.00000E+00  0.00000E+00  0.00000E+00  0.00000E+00  0.00000E+00  0.00000E+00
  0.00000E+00  0.00000E+00  0.00000E+00  0.00000E+00  0.00000E+00  0.00000E+00
  0.00000E+00  0.00000E+00  0.00000E+00  0.00000E+00  0.00000E+00  0.00000E+00
  0.00000E+00  0.00000E+00  0.00000E+00  0.00000E+00  0.00000E+00  0.00000E+00
  0.00000E+00  0.00000E+00  0.00000E+00  0.00000E+00  0.00000E+00  0.00000E+00
  0.00000E+00  0.00000E+00  0.00000E+00  0.00000E+00  0.00000E+00  0.00000E+00
  0.00000E+00  0.00000E+00  0.00000E+00  0.00000E+00  0.00000E+00
OLOSSE ()                                                                       
UT= 0.02 LAT=   2.50 SLT=24.00 (HRS))                                           
VTGCM (DAY,HR,MIN=150, 0, 1)                                                    
Frame   19                                                                      
nx=   1 xx  OLOSSE  
ny=  65 yy  LN(P0/P) (INTERFACES)                   
 -0.16000E+02 -0.15500E+02 -0.15000E+02 -0.14500E+02 -0.14000E+02 -0.13500E+02
 -0.13000E+02 -0.12500E+02 -0.12000E+02 -0.11500E+02 -0.11000E+02 -0.10500E+02
 -0.10000E+02 -0.95000E+01 -0.90000E+01 -0.85000E+01 -0.80000E+01 -0.75000E+01
 -0.70000E+01 -0.65000E+01 -0.60000E+01 -0.55000E+01 -0.50000E+01 -0.45000E+01
 -0.40000E+01 -0.35000E+01 -0.30000E+01 -0.25000E+01 -0.20000E+01 -0.15000E+01
 -0.10000E+01 -0.50000E+00  0.00000E+00  0.50000E+00  0.10000E+01  0.15000E+01
  0.20000E+01  0.25000E+01  0.30000E+01  0.35000E+01  0.40000E+01  0.45000E+01
  0.50000E+01  0.55000E+01  0.60000E+01  0.65000E+01  0.70000E+01  0.75000E+01
  0.80000E+01  0.85000E+01  0.90000E+01  0.95000E+01  0.10000E+02  0.10500E+02
  0.11000E+02  0.11500E+02  0.12000E+02  0.12500E+02  0.13000E+02  0.13500E+02
  0.14000E+02  0.14500E+02  0.15000E+02  0.15500E+02  0.16000E+02
  0.23514E+01  0.23643E+01  0.24404E+01  0.25614E+01  0.27054E+01  0.25832E+01
  0.20635E+01  0.16682E+01  0.13846E+01  0.85281E+00  0.23044E+01  0.45845E+01
  0.54449E+01  0.60009E+01  0.62230E+01  0.61664E+01  0.58806E+01  0.53853E+01
  0.47676E+01  0.41363E+01  0.35330E+01  0.29810E+01  0.13612E+01  0.00000E+00
  0.00000E+00  0.00000E+00  0.00000E+00  0.00000E+00  0.00000E+00  0.00000E+00
  0.00000E+00  0.00000E+00  0.00000E+00  0.00000E+00  0.00000E+00  0.00000E+00
  0.00000E+00  0.00000E+00  0.00000E+00  0.00000E+00  0.00000E+00  0.00000E+00
  0.00000E+00  0.00000E+00  0.00000E+00  0.00000E+00  0.00000E+00  0.00000E+00
  0.00000E+00  0.00000E+00  0.00000E+00  0.00000E+00  0.00000E+00  0.00000E+00
  0.00000E+00  0.00000E+00  0.00000E+00  0.00000E+00  0.00000E+00  0.00000E+00
  0.00000E+00  0.00000E+00  0.00000E+00  0.00000E+00  0.00000E+00
OLOSSE ()                                                                       
UT= 0.02 LAT=   2.50 SLT=12.00 (HRS))                                           
VTGCM (DAY,HR,MIN=150, 0, 1)                                                    
Frame   20                                                                      
nx=   1 xx  OLOSSE  
ny=  65 yy  LN(P0/P) (INTERFACES)                   
 -0.16000E+02 -0.15500E+02 -0.15000E+02 -0.14500E+02 -0.14000E+02 -0.13500E+02
 -0.13000E+02 -0.12500E+02 -0.12000E+02 -0.11500E+02 -0.11000E+02 -0.10500E+02
 -0.10000E+02 -0.95000E+01 -0.90000E+01 -0.85000E+01 -0.80000E+01 -0.75000E+01
 -0.70000E+01 -0.65000E+01 -0.60000E+01 -0.55000E+01 -0.50000E+01 -0.45000E+01
 -0.40000E+01 -0.35000E+01 -0.30000E+01 -0.25000E+01 -0.20000E+01 -0.15000E+01
 -0.10000E+01 -0.50000E+00  0.00000E+00  0.50000E+00  0.10000E+01  0.15000E+01
  0.20000E+01  0.25000E+01  0.30000E+01  0.35000E+01  0.40000E+01  0.45000E+01
  0.50000E+01  0.55000E+01  0.60000E+01  0.65000E+01  0.70000E+01  0.75000E+01
  0.80000E+01  0.85000E+01  0.90000E+01  0.95000E+01  0.10000E+02  0.10500E+02
  0.11000E+02  0.11500E+02  0.12000E+02  0.12500E+02  0.13000E+02  0.13500E+02
  0.14000E+02  0.14500E+02  0.15000E+02  0.15500E+02  0.16000E+02
  0.00000E+00  0.00000E+00  0.00000E+00  0.00000E+00  0.00000E+00  0.00000E+00
  0.00000E+00  0.00000E+00  0.00000E+00  0.00000E+00  0.00000E+00  0.00000E+00
  0.00000E+00  0.00000E+00  0.00000E+00  0.00000E+00  0.00000E+00  0.00000E+00
  0.00000E+00  0.00000E+00  0.00000E+00  0.00000E+00  0.00000E+00  0.00000E+00
  0.00000E+00  0.00000E+00  0.00000E+00  0.00000E+00  0.00000E+00  0.00000E+00
  0.00000E+00  0.00000E+00  0.00000E+00  0.00000E+00  0.00000E+00  0.00000E+00
  0.00000E+00  0.00000E+00  0.00000E+00  0.00000E+00  0.00000E+00  0.00000E+00
  0.00000E+00  0.00000E+00  0.00000E+00  0.00000E+00  0.00000E+00  0.00000E+00
  0.00000E+00  0.00000E+00  0.00000E+00  0.00000E+00  0.00000E+00  0.00000E+00
  0.00000E+00  0.00000E+00  0.00000E+00  0.00000E+00  0.00000E+00  0.00000E+00
  0.00000E+00  0.00000E+00  0.00000E+00  0.00000E+00  0.00000E+00
OLOSST ()                                                                       
UT= 0.02 LAT=   2.50 SLT=24.00 (HRS))                                           
VTGCM (DAY,HR,MIN=150, 0, 1)                                                    
Frame   21                                                                      
nx=   1 xx  OLOSST  
ny=  65 yy  LN(P0/P) (INTERFACES)                   
 -0.16000E+02 -0.15500E+02 -0.15000E+02 -0.14500E+02 -0.14000E+02 -0.13500E+02
 -0.13000E+02 -0.12500E+02 -0.12000E+02 -0.11500E+02 -0.11000E+02 -0.10500E+02
 -0.10000E+02 -0.95000E+01 -0.90000E+01 -0.85000E+01 -0.80000E+01 -0.75000E+01
 -0.70000E+01 -0.65000E+01 -0.60000E+01 -0.55000E+01 -0.50000E+01 -0.45000E+01
 -0.40000E+01 -0.35000E+01 -0.30000E+01 -0.25000E+01 -0.20000E+01 -0.15000E+01
 -0.10000E+01 -0.50000E+00  0.00000E+00  0.50000E+00  0.10000E+01  0.15000E+01
  0.20000E+01  0.25000E+01  0.30000E+01  0.35000E+01  0.40000E+01  0.45000E+01
  0.50000E+01  0.55000E+01  0.60000E+01  0.65000E+01  0.70000E+01  0.75000E+01
  0.80000E+01  0.85000E+01  0.90000E+01  0.95000E+01  0.10000E+02  0.10500E+02
  0.11000E+02  0.11500E+02  0.12000E+02  0.12500E+02  0.13000E+02  0.13500E+02
  0.14000E+02  0.14500E+02  0.15000E+02  0.15500E+02  0.16000E+02
  0.41894E+01  0.39934E+01  0.37622E+01  0.36735E+01  0.34693E+01  0.30175E+01
  0.23438E+01  0.18492E+01  0.15171E+01  0.98296E+00  0.24637E+01  0.47774E+01
  0.56303E+01  0.61988E+01  0.65686E+01  0.68066E+01  0.68645E+01  0.66425E+01
  0.62271E+01  0.57936E+01  0.53934E+01  0.50040E+01  0.46059E+01  0.41926E+01
  0.37671E+01  0.33326E+01  0.28924E+01  0.24482E+01  0.20023E+01  0.15590E+01
  0.11235E+01  0.69729E+00  0.28029E+00  0.37026E-01  0.00000E+00  0.00000E+00
  0.00000E+00  0.00000E+00  0.00000E+00  0.00000E+00  0.00000E+00  0.00000E+00
  0.00000E+00  0.00000E+00  0.00000E+00  0.00000E+00  0.00000E+00  0.00000E+00
  0.00000E+00  0.00000E+00  0.00000E+00  0.00000E+00  0.00000E+00  0.00000E+00
  0.00000E+00  0.00000E+00  0.00000E+00  0.00000E+00  0.00000E+00  0.00000E+00
  0.00000E+00  0.00000E+00  0.00000E+00  0.00000E+00  0.00000E+00
OLOSST ()                                                                       
UT= 0.02 LAT=   2.50 SLT=12.00 (HRS))                                           
VTGCM (DAY,HR,MIN=150, 0, 1)                                                    
Frame   22                                                                      
nx=   1 xx  OLOSST  
ny=  65 yy  LN(P0/P) (INTERFACES)                   
 -0.16000E+02 -0.15500E+02 -0.15000E+02 -0.14500E+02 -0.14000E+02 -0.13500E+02
 -0.13000E+02 -0.12500E+02 -0.12000E+02 -0.11500E+02 -0.11000E+02 -0.10500E+02
 -0.10000E+02 -0.95000E+01 -0.90000E+01 -0.85000E+01 -0.80000E+01 -0.75000E+01
 -0.70000E+01 -0.65000E+01 -0.60000E+01 -0.55000E+01 -0.50000E+01 -0.45000E+01
 -0.40000E+01 -0.35000E+01 -0.30000E+01 -0.25000E+01 -0.20000E+01 -0.15000E+01
 -0.10000E+01 -0.50000E+00  0.00000E+00  0.50000E+00  0.10000E+01  0.15000E+01
  0.20000E+01  0.25000E+01  0.30000E+01  0.35000E+01  0.40000E+01  0.45000E+01
  0.50000E+01  0.55000E+01  0.60000E+01  0.65000E+01  0.70000E+01  0.75000E+01
  0.80000E+01  0.85000E+01  0.90000E+01  0.95000E+01  0.10000E+02  0.10500E+02
  0.11000E+02  0.11500E+02  0.12000E+02  0.12500E+02  0.13000E+02  0.13500E+02
  0.14000E+02  0.14500E+02  0.15000E+02  0.15500E+02  0.16000E+02
  0.64168E+01  0.65361E+01  0.66420E+01  0.66379E+01  0.66623E+01  0.66752E+01
  0.66561E+01  0.66197E+01  0.65807E+01  0.65323E+01  0.64540E+01  0.63382E+01
  0.61998E+01  0.60401E+01  0.58261E+01  0.55237E+01  0.51234E+01  0.46594E+01
  0.41646E+01  0.36526E+01  0.31814E+01  0.27874E+01  0.24940E+01  0.23968E+01
  0.24753E+01  0.25700E+01  0.26219E+01  0.27559E+01  0.30697E+01  0.34488E+01
  0.37799E+01  0.40452E+01  0.42186E+01  0.42829E+01  0.42449E+01  0.41263E+01
  0.39532E+01  0.37443E+01  0.35131E+01  0.32670E+01  0.30085E+01  0.27368E+01
  0.24489E+01  0.21397E+01  0.18027E+01  0.14310E+01  0.10194E+01  0.56560E+00
  0.16405E+00  0.00000E+00  0.00000E+00  0.00000E+00  0.00000E+00  0.00000E+00
  0.00000E+00  0.00000E+00  0.00000E+00  0.00000E+00  0.00000E+00  0.00000E+00
  0.00000E+00  0.00000E+00  0.00000E+00  0.00000E+00  0.00000E+00
COSRCA ()                                                                       
UT= 0.02 LAT=   2.50 SLT=24.00 (HRS))                                           
VTGCM (DAY,HR,MIN=150, 0, 1)                                                    
Frame   23                                                                      
nx=   1 xx  COSRCA  
ny=  65 yy  LN(P0/P) (INTERFACES)                   
 -0.16000E+02 -0.15500E+02 -0.15000E+02 -0.14500E+02 -0.14000E+02 -0.13500E+02
 -0.13000E+02 -0.12500E+02 -0.12000E+02 -0.11500E+02 -0.11000E+02 -0.10500E+02
 -0.10000E+02 -0.95000E+01 -0.90000E+01 -0.85000E+01 -0.80000E+01 -0.75000E+01
 -0.70000E+01 -0.65000E+01 -0.60000E+01 -0.55000E+01 -0.50000E+01 -0.45000E+01
 -0.40000E+01 -0.35000E+01 -0.30000E+01 -0.25000E+01 -0.20000E+01 -0.15000E+01
 -0.10000E+01 -0.50000E+00  0.00000E+00  0.50000E+00  0.10000E+01  0.15000E+01
  0.20000E+01  0.25000E+01  0.30000E+01  0.35000E+01  0.40000E+01  0.45000E+01
  0.50000E+01  0.55000E+01  0.60000E+01  0.65000E+01  0.70000E+01  0.75000E+01
  0.80000E+01  0.85000E+01  0.90000E+01  0.95000E+01  0.10000E+02  0.10500E+02
  0.11000E+02  0.11500E+02  0.12000E+02  0.12500E+02  0.13000E+02  0.13500E+02
  0.14000E+02  0.14500E+02  0.15000E+02  0.15500E+02  0.16000E+02
  0.00000E+00  0.00000E+00  0.00000E+00  0.00000E+00  0.00000E+00  0.00000E+00
  0.00000E+00  0.00000E+00  0.00000E+00  0.00000E+00  0.00000E+00  0.00000E+00
  0.00000E+00  0.00000E+00  0.00000E+00  0.00000E+00  0.00000E+00  0.00000E+00
  0.00000E+00  0.00000E+00  0.00000E+00  0.00000E+00  0.00000E+00  0.00000E+00
  0.00000E+00  0.00000E+00  0.00000E+00  0.00000E+00  0.00000E+00  0.00000E+00
  0.00000E+00  0.00000E+00  0.00000E+00  0.00000E+00  0.00000E+00  0.00000E+00
  0.00000E+00  0.00000E+00  0.00000E+00  0.00000E+00  0.00000E+00  0.00000E+00
  0.00000E+00  0.00000E+00  0.00000E+00  0.00000E+00  0.00000E+00  0.00000E+00
  0.00000E+00  0.00000E+00  0.00000E+00  0.00000E+00  0.00000E+00  0.00000E+00
  0.00000E+00  0.00000E+00  0.00000E+00  0.00000E+00  0.00000E+00  0.00000E+00
  0.00000E+00  0.00000E+00  0.00000E+00  0.00000E+00  0.00000E+00
COSRCA ()                                                                       
UT= 0.02 LAT=   2.50 SLT=12.00 (HRS))                                           
VTGCM (DAY,HR,MIN=150, 0, 1)                                                    
Frame   24                                                                      
nx=   1 xx  COSRCA  
ny=  65 yy  LN(P0/P) (INTERFACES)                   
 -0.16000E+02 -0.15500E+02 -0.15000E+02 -0.14500E+02 -0.14000E+02 -0.13500E+02
 -0.13000E+02 -0.12500E+02 -0.12000E+02 -0.11500E+02 -0.11000E+02 -0.10500E+02
 -0.10000E+02 -0.95000E+01 -0.90000E+01 -0.85000E+01 -0.80000E+01 -0.75000E+01
 -0.70000E+01 -0.65000E+01 -0.60000E+01 -0.55000E+01 -0.50000E+01 -0.45000E+01
 -0.40000E+01 -0.35000E+01 -0.30000E+01 -0.25000E+01 -0.20000E+01 -0.15000E+01
 -0.10000E+01 -0.50000E+00  0.00000E+00  0.50000E+00  0.10000E+01  0.15000E+01
  0.20000E+01  0.25000E+01  0.30000E+01  0.35000E+01  0.40000E+01  0.45000E+01
  0.50000E+01  0.55000E+01  0.60000E+01  0.65000E+01  0.70000E+01  0.75000E+01
  0.80000E+01  0.85000E+01  0.90000E+01  0.95000E+01  0.10000E+02  0.10500E+02
  0.11000E+02  0.11500E+02  0.12000E+02  0.12500E+02  0.13000E+02  0.13500E+02
  0.14000E+02  0.14500E+02  0.15000E+02  0.15500E+02  0.16000E+02
  0.29792E+01  0.31070E+01  0.32337E+01  0.32571E+01  0.33053E+01  0.33276E+01
  0.33100E+01  0.32861E+01  0.32975E+01  0.33473E+01  0.33876E+01  0.33695E+01
  0.32848E+01  0.31515E+01  0.29844E+01  0.27998E+01  0.29079E+01  0.35296E+01
  0.42124E+01  0.46119E+01  0.48010E+01  0.48513E+01  0.48157E+01  0.47319E+01
  0.46234E+01  0.45008E+01  0.43645E+01  0.42118E+01  0.40436E+01  0.38768E+01
  0.37598E+01  0.37343E+01  0.37722E+01  0.38012E+01  0.37708E+01  0.36688E+01
  0.35049E+01  0.32949E+01  0.30531E+01  0.27886E+01  0.25057E+01  0.22058E+01
  0.18882E+01  0.15518E+01  0.11948E+01  0.81589E+00  0.41410E+00  0.10370E+00
  0.00000E+00  0.00000E+00  0.00000E+00  0.00000E+00  0.00000E+00  0.00000E+00
  0.00000E+00  0.00000E+00  0.00000E+00  0.00000E+00  0.00000E+00  0.00000E+00
  0.00000E+00  0.00000E+00  0.00000E+00  0.00000E+00  0.00000E+00
COSRCB ()                                                                       
UT= 0.02 LAT=   2.50 SLT=24.00 (HRS))                                           
VTGCM (DAY,HR,MIN=150, 0, 1)                                                    
Frame   25                                                                      
nx=   1 xx  COSRCB  
ny=  65 yy  LN(P0/P) (INTERFACES)                   
 -0.16000E+02 -0.15500E+02 -0.15000E+02 -0.14500E+02 -0.14000E+02 -0.13500E+02
 -0.13000E+02 -0.12500E+02 -0.12000E+02 -0.11500E+02 -0.11000E+02 -0.10500E+02
 -0.10000E+02 -0.95000E+01 -0.90000E+01 -0.85000E+01 -0.80000E+01 -0.75000E+01
 -0.70000E+01 -0.65000E+01 -0.60000E+01 -0.55000E+01 -0.50000E+01 -0.45000E+01
 -0.40000E+01 -0.35000E+01 -0.30000E+01 -0.25000E+01 -0.20000E+01 -0.15000E+01
 -0.10000E+01 -0.50000E+00  0.00000E+00  0.50000E+00  0.10000E+01  0.15000E+01
  0.20000E+01  0.25000E+01  0.30000E+01  0.35000E+01  0.40000E+01  0.45000E+01
  0.50000E+01  0.55000E+01  0.60000E+01  0.65000E+01  0.70000E+01  0.75000E+01
  0.80000E+01  0.85000E+01  0.90000E+01  0.95000E+01  0.10000E+02  0.10500E+02
  0.11000E+02  0.11500E+02  0.12000E+02  0.12500E+02  0.13000E+02  0.13500E+02
  0.14000E+02  0.14500E+02  0.15000E+02  0.15500E+02  0.16000E+02
  0.00000E+00  0.00000E+00  0.00000E+00  0.00000E+00  0.00000E+00  0.00000E+00
  0.00000E+00  0.00000E+00  0.00000E+00  0.00000E+00  0.00000E+00  0.00000E+00
  0.00000E+00  0.00000E+00  0.00000E+00  0.00000E+00  0.00000E+00  0.00000E+00
  0.00000E+00  0.00000E+00  0.00000E+00  0.00000E+00  0.00000E+00  0.00000E+00
  0.00000E+00  0.00000E+00  0.00000E+00  0.00000E+00  0.00000E+00  0.00000E+00
  0.00000E+00  0.00000E+00  0.00000E+00  0.00000E+00  0.00000E+00  0.00000E+00
  0.00000E+00  0.00000E+00  0.00000E+00  0.00000E+00  0.00000E+00  0.00000E+00
  0.00000E+00  0.00000E+00  0.00000E+00  0.00000E+00  0.00000E+00  0.00000E+00
  0.00000E+00  0.00000E+00  0.00000E+00  0.00000E+00  0.00000E+00  0.00000E+00
  0.00000E+00  0.00000E+00  0.00000E+00  0.00000E+00  0.00000E+00  0.00000E+00
  0.00000E+00  0.00000E+00  0.00000E+00  0.00000E+00  0.00000E+00
COSRCB ()                                                                       
UT= 0.02 LAT=   2.50 SLT=12.00 (HRS))                                           
VTGCM (DAY,HR,MIN=150, 0, 1)                                                    
Frame   26                                                                      
nx=   1 xx  COSRCB  
ny=  65 yy  LN(P0/P) (INTERFACES)                   
 -0.16000E+02 -0.15500E+02 -0.15000E+02 -0.14500E+02 -0.14000E+02 -0.13500E+02
 -0.13000E+02 -0.12500E+02 -0.12000E+02 -0.11500E+02 -0.11000E+02 -0.10500E+02
 -0.10000E+02 -0.95000E+01 -0.90000E+01 -0.85000E+01 -0.80000E+01 -0.75000E+01
 -0.70000E+01 -0.65000E+01 -0.60000E+01 -0.55000E+01 -0.50000E+01 -0.45000E+01
 -0.40000E+01 -0.35000E+01 -0.30000E+01 -0.25000E+01 -0.20000E+01 -0.15000E+01
 -0.10000E+01 -0.50000E+00  0.00000E+00  0.50000E+00  0.10000E+01  0.15000E+01
  0.20000E+01  0.25000E+01  0.30000E+01  0.35000E+01  0.40000E+01  0.45000E+01
  0.50000E+01  0.55000E+01  0.60000E+01  0.65000E+01  0.70000E+01  0.75000E+01
  0.80000E+01  0.85000E+01  0.90000E+01  0.95000E+01  0.10000E+02  0.10500E+02
  0.11000E+02  0.11500E+02  0.12000E+02  0.12500E+02  0.13000E+02  0.13500E+02
  0.14000E+02  0.14500E+02  0.15000E+02  0.15500E+02  0.16000E+02
  0.00000E+00  0.00000E+00  0.00000E+00  0.00000E+00  0.00000E+00  0.00000E+00
  0.00000E+00  0.00000E+00  0.00000E+00  0.00000E+00  0.00000E+00  0.00000E+00
  0.00000E+00  0.00000E+00  0.00000E+00  0.00000E+00  0.00000E+00  0.00000E+00
  0.00000E+00  0.00000E+00  0.00000E+00  0.00000E+00  0.00000E+00  0.00000E+00
  0.00000E+00  0.95034E-01  0.26041E+00  0.53536E+00  0.10746E+01  0.17232E+01
  0.23088E+01  0.27959E+01  0.31461E+01  0.33095E+01  0.33184E+01  0.32343E+01
  0.30751E+01  0.28660E+01  0.26248E+01  0.23628E+01  0.20860E+01  0.17969E+01
  0.14955E+01  0.11800E+01  0.84738E+00  0.49571E+00  0.15748E+00  0.00000E+00
  0.00000E+00  0.00000E+00  0.00000E+00  0.00000E+00  0.00000E+00  0.00000E+00
  0.00000E+00  0.00000E+00  0.00000E+00  0.00000E+00  0.00000E+00  0.00000E+00
  0.00000E+00  0.00000E+00  0.00000E+00  0.00000E+00  0.00000E+00
COSRCC ()                                                                       
UT= 0.02 LAT=   2.50 SLT=24.00 (HRS))                                           
VTGCM (DAY,HR,MIN=150, 0, 1)                                                    
Frame   27                                                                      
nx=   1 xx  COSRCC  
ny=  65 yy  LN(P0/P) (INTERFACES)                   
 -0.16000E+02 -0.15500E+02 -0.15000E+02 -0.14500E+02 -0.14000E+02 -0.13500E+02
 -0.13000E+02 -0.12500E+02 -0.12000E+02 -0.11500E+02 -0.11000E+02 -0.10500E+02
 -0.10000E+02 -0.95000E+01 -0.90000E+01 -0.85000E+01 -0.80000E+01 -0.75000E+01
 -0.70000E+01 -0.65000E+01 -0.60000E+01 -0.55000E+01 -0.50000E+01 -0.45000E+01
 -0.40000E+01 -0.35000E+01 -0.30000E+01 -0.25000E+01 -0.20000E+01 -0.15000E+01
 -0.10000E+01 -0.50000E+00  0.00000E+00  0.50000E+00  0.10000E+01  0.15000E+01
  0.20000E+01  0.25000E+01  0.30000E+01  0.35000E+01  0.40000E+01  0.45000E+01
  0.50000E+01  0.55000E+01  0.60000E+01  0.65000E+01  0.70000E+01  0.75000E+01
  0.80000E+01  0.85000E+01  0.90000E+01  0.95000E+01  0.10000E+02  0.10500E+02
  0.11000E+02  0.11500E+02  0.12000E+02  0.12500E+02  0.13000E+02  0.13500E+02
  0.14000E+02  0.14500E+02  0.15000E+02  0.15500E+02  0.16000E+02
  0.00000E+00  0.00000E+00  0.00000E+00  0.00000E+00  0.00000E+00  0.00000E+00
  0.00000E+00  0.00000E+00  0.00000E+00  0.00000E+00  0.00000E+00  0.00000E+00
  0.00000E+00  0.00000E+00  0.00000E+00  0.00000E+00  0.00000E+00  0.00000E+00
  0.00000E+00  0.00000E+00  0.00000E+00  0.00000E+00  0.00000E+00  0.00000E+00
  0.00000E+00  0.00000E+00  0.00000E+00  0.00000E+00  0.00000E+00  0.00000E+00
  0.00000E+00  0.00000E+00  0.00000E+00  0.00000E+00  0.00000E+00  0.00000E+00
  0.00000E+00  0.00000E+00  0.00000E+00  0.00000E+00  0.00000E+00  0.00000E+00
  0.00000E+00  0.00000E+00  0.00000E+00  0.00000E+00  0.00000E+00  0.00000E+00
  0.00000E+00  0.00000E+00  0.00000E+00  0.00000E+00  0.00000E+00  0.00000E+00
  0.00000E+00  0.00000E+00  0.00000E+00  0.00000E+00  0.00000E+00  0.00000E+00
  0.00000E+00  0.00000E+00  0.00000E+00  0.00000E+00  0.00000E+00
COSRCC ()                                                                       
UT= 0.02 LAT=   2.50 SLT=12.00 (HRS))                                           
VTGCM (DAY,HR,MIN=150, 0, 1)                                                    
Frame   28                                                                      
nx=   1 xx  COSRCC  
ny=  65 yy  LN(P0/P) (INTERFACES)                   
 -0.16000E+02 -0.15500E+02 -0.15000E+02 -0.14500E+02 -0.14000E+02 -0.13500E+02
 -0.13000E+02 -0.12500E+02 -0.12000E+02 -0.11500E+02 -0.11000E+02 -0.10500E+02
 -0.10000E+02 -0.95000E+01 -0.90000E+01 -0.85000E+01 -0.80000E+01 -0.75000E+01
 -0.70000E+01 -0.65000E+01 -0.60000E+01 -0.55000E+01 -0.50000E+01 -0.45000E+01
 -0.40000E+01 -0.35000E+01 -0.30000E+01 -0.25000E+01 -0.20000E+01 -0.15000E+01
 -0.10000E+01 -0.50000E+00  0.00000E+00  0.50000E+00  0.10000E+01  0.15000E+01
  0.20000E+01  0.25000E+01  0.30000E+01  0.35000E+01  0.40000E+01  0.45000E+01
  0.50000E+01  0.55000E+01  0.60000E+01  0.65000E+01  0.70000E+01  0.75000E+01
  0.80000E+01  0.85000E+01  0.90000E+01  0.95000E+01  0.10000E+02  0.10500E+02
  0.11000E+02  0.11500E+02  0.12000E+02  0.12500E+02  0.13000E+02  0.13500E+02
  0.14000E+02  0.14500E+02  0.15000E+02  0.15500E+02  0.16000E+02
  0.00000E+00  0.00000E+00  0.00000E+00  0.00000E+00  0.00000E+00  0.00000E+00
  0.00000E+00  0.00000E+00  0.00000E+00  0.00000E+00  0.00000E+00  0.00000E+00
  0.00000E+00  0.00000E+00  0.00000E+00  0.00000E+00  0.00000E+00  0.00000E+00
  0.00000E+00  0.00000E+00  0.00000E+00  0.51262E+00  0.15133E+01  0.22713E+01
  0.26748E+01  0.28612E+01  0.29307E+01  0.30028E+01  0.31916E+01  0.34638E+01
  0.37207E+01  0.39277E+01  0.40609E+01  0.41004E+01  0.40477E+01  0.39218E+01
  0.37463E+01  0.35395E+01  0.33155E+01  0.30832E+01  0.28479E+01  0.26124E+01
  0.23789E+01  0.21492E+01  0.19250E+01  0.17083E+01  0.14999E+01  0.12986E+01
  0.11012E+01  0.90395E+00  0.70378E+00  0.49910E+00  0.28855E+00  0.90803E-01
  0.00000E+00  0.00000E+00  0.00000E+00  0.00000E+00  0.00000E+00  0.00000E+00
  0.00000E+00  0.00000E+00  0.00000E+00  0.00000E+00  0.00000E+00
COSRCD ()                                                                       
UT= 0.02 LAT=   2.50 SLT=24.00 (HRS))                                           
VTGCM (DAY,HR,MIN=150, 0, 1)                                                    
Frame   29                                                                      
nx=   1 xx  COSRCD  
ny=  65 yy  LN(P0/P) (INTERFACES)                   
 -0.16000E+02 -0.15500E+02 -0.15000E+02 -0.14500E+02 -0.14000E+02 -0.13500E+02
 -0.13000E+02 -0.12500E+02 -0.12000E+02 -0.11500E+02 -0.11000E+02 -0.10500E+02
 -0.10000E+02 -0.95000E+01 -0.90000E+01 -0.85000E+01 -0.80000E+01 -0.75000E+01
 -0.70000E+01 -0.65000E+01 -0.60000E+01 -0.55000E+01 -0.50000E+01 -0.45000E+01
 -0.40000E+01 -0.35000E+01 -0.30000E+01 -0.25000E+01 -0.20000E+01 -0.15000E+01
 -0.10000E+01 -0.50000E+00  0.00000E+00  0.50000E+00  0.10000E+01  0.15000E+01
  0.20000E+01  0.25000E+01  0.30000E+01  0.35000E+01  0.40000E+01  0.45000E+01
  0.50000E+01  0.55000E+01  0.60000E+01  0.65000E+01  0.70000E+01  0.75000E+01
  0.80000E+01  0.85000E+01  0.90000E+01  0.95000E+01  0.10000E+02  0.10500E+02
  0.11000E+02  0.11500E+02  0.12000E+02  0.12500E+02  0.13000E+02  0.13500E+02
  0.14000E+02  0.14500E+02  0.15000E+02  0.15500E+02  0.16000E+02
  0.00000E+00  0.00000E+00  0.00000E+00  0.00000E+00  0.00000E+00  0.00000E+00
  0.00000E+00  0.00000E+00  0.00000E+00  0.00000E+00  0.00000E+00  0.00000E+00
  0.00000E+00  0.00000E+00  0.00000E+00  0.00000E+00  0.00000E+00  0.00000E+00
  0.00000E+00  0.00000E+00  0.00000E+00  0.00000E+00  0.00000E+00  0.00000E+00
  0.00000E+00  0.00000E+00  0.00000E+00  0.00000E+00  0.00000E+00  0.00000E+00
  0.00000E+00  0.00000E+00  0.00000E+00  0.00000E+00  0.00000E+00  0.00000E+00
  0.00000E+00  0.00000E+00  0.00000E+00  0.00000E+00  0.00000E+00  0.00000E+00
  0.00000E+00  0.00000E+00  0.00000E+00  0.00000E+00  0.00000E+00  0.00000E+00
  0.00000E+00  0.00000E+00  0.00000E+00  0.00000E+00  0.00000E+00  0.00000E+00
  0.00000E+00  0.00000E+00  0.00000E+00  0.00000E+00  0.00000E+00  0.00000E+00
  0.00000E+00  0.00000E+00  0.00000E+00  0.00000E+00  0.00000E+00
COSRCD ()                                                                       
UT= 0.02 LAT=   2.50 SLT=12.00 (HRS))                                           
VTGCM (DAY,HR,MIN=150, 0, 1)                                                    
Frame   30                                                                      
nx=   1 xx  COSRCD  
ny=  65 yy  LN(P0/P) (INTERFACES)                   
 -0.16000E+02 -0.15500E+02 -0.15000E+02 -0.14500E+02 -0.14000E+02 -0.13500E+02
 -0.13000E+02 -0.12500E+02 -0.12000E+02 -0.11500E+02 -0.11000E+02 -0.10500E+02
 -0.10000E+02 -0.95000E+01 -0.90000E+01 -0.85000E+01 -0.80000E+01 -0.75000E+01
 -0.70000E+01 -0.65000E+01 -0.60000E+01 -0.55000E+01 -0.50000E+01 -0.45000E+01
 -0.40000E+01 -0.35000E+01 -0.30000E+01 -0.25000E+01 -0.20000E+01 -0.15000E+01
 -0.10000E+01 -0.50000E+00  0.00000E+00  0.50000E+00  0.10000E+01  0.15000E+01
  0.20000E+01  0.25000E+01  0.30000E+01  0.35000E+01  0.40000E+01  0.45000E+01
  0.50000E+01  0.55000E+01  0.60000E+01  0.65000E+01  0.70000E+01  0.75000E+01
  0.80000E+01  0.85000E+01  0.90000E+01  0.95000E+01  0.10000E+02  0.10500E+02
  0.11000E+02  0.11500E+02  0.12000E+02  0.12500E+02  0.13000E+02  0.13500E+02
  0.14000E+02  0.14500E+02  0.15000E+02  0.15500E+02  0.16000E+02
  0.00000E+00  0.00000E+00  0.00000E+00  0.00000E+00  0.00000E+00  0.00000E+00
  0.00000E+00  0.00000E+00  0.00000E+00  0.00000E+00  0.00000E+00  0.00000E+00
  0.00000E+00  0.00000E+00  0.00000E+00  0.00000E+00  0.00000E+00  0.00000E+00
  0.00000E+00  0.00000E+00  0.00000E+00  0.22760E+00  0.94424E+00  0.17040E+01
  0.21091E+01  0.22994E+01  0.23870E+01  0.25415E+01  0.28661E+01  0.32482E+01
  0.35797E+01  0.38451E+01  0.40185E+01  0.40827E+01  0.40447E+01  0.39262E+01
  0.37530E+01  0.35442E+01  0.33130E+01  0.30669E+01  0.28083E+01  0.25366E+01
  0.22487E+01  0.19396E+01  0.16026E+01  0.12309E+01  0.81925E+00  0.36547E+00
  0.63989E-01  0.00000E+00  0.00000E+00  0.00000E+00  0.00000E+00  0.00000E+00
  0.00000E+00  0.00000E+00  0.00000E+00  0.00000E+00  0.00000E+00  0.00000E+00
  0.00000E+00  0.00000E+00  0.00000E+00  0.00000E+00  0.00000E+00
COSRCI ()                                                                       
UT= 0.02 LAT=   2.50 SLT=24.00 (HRS))                                           
VTGCM (DAY,HR,MIN=150, 0, 1)                                                    
Frame   31                                                                      
nx=   1 xx  COSRCI  
ny=  65 yy  LN(P0/P) (INTERFACES)                   
 -0.16000E+02 -0.15500E+02 -0.15000E+02 -0.14500E+02 -0.14000E+02 -0.13500E+02
 -0.13000E+02 -0.12500E+02 -0.12000E+02 -0.11500E+02 -0.11000E+02 -0.10500E+02
 -0.10000E+02 -0.95000E+01 -0.90000E+01 -0.85000E+01 -0.80000E+01 -0.75000E+01
 -0.70000E+01 -0.65000E+01 -0.60000E+01 -0.55000E+01 -0.50000E+01 -0.45000E+01
 -0.40000E+01 -0.35000E+01 -0.30000E+01 -0.25000E+01 -0.20000E+01 -0.15000E+01
 -0.10000E+01 -0.50000E+00  0.00000E+00  0.50000E+00  0.10000E+01  0.15000E+01
  0.20000E+01  0.25000E+01  0.30000E+01  0.35000E+01  0.40000E+01  0.45000E+01
  0.50000E+01  0.55000E+01  0.60000E+01  0.65000E+01  0.70000E+01  0.75000E+01
  0.80000E+01  0.85000E+01  0.90000E+01  0.95000E+01  0.10000E+02  0.10500E+02
  0.11000E+02  0.11500E+02  0.12000E+02  0.12500E+02  0.13000E+02  0.13500E+02
  0.14000E+02  0.14500E+02  0.15000E+02  0.15500E+02  0.16000E+02
  0.83436E+01  0.84140E+01  0.83157E+01  0.80822E+01  0.81483E+01  0.82063E+01
  0.79861E+01  0.76887E+01  0.73610E+01  0.69615E+01  0.63781E+01  0.55538E+01
  0.47802E+01  0.43170E+01  0.40485E+01  0.37658E+01  0.33475E+01  0.27521E+01
  0.20589E+01  0.13822E+01  0.74460E+00  0.21729E+00  0.00000E+00  0.00000E+00
  0.00000E+00  0.00000E+00  0.00000E+00  0.00000E+00  0.00000E+00  0.00000E+00
  0.00000E+00  0.00000E+00  0.00000E+00  0.00000E+00  0.00000E+00  0.00000E+00
  0.00000E+00  0.00000E+00  0.00000E+00  0.00000E+00  0.00000E+00  0.00000E+00
  0.00000E+00  0.00000E+00  0.00000E+00  0.00000E+00  0.00000E+00  0.00000E+00
  0.00000E+00  0.00000E+00  0.00000E+00  0.00000E+00  0.00000E+00  0.00000E+00
  0.00000E+00  0.00000E+00  0.00000E+00  0.00000E+00  0.00000E+00  0.00000E+00
  0.00000E+00  0.00000E+00  0.00000E+00  0.00000E+00  0.00000E+00
COSRCI ()                                                                       
UT= 0.02 LAT=   2.50 SLT=12.00 (HRS))                                           
VTGCM (DAY,HR,MIN=150, 0, 1)                                                    
Frame   32                                                                      
nx=   1 xx  COSRCI  
ny=  65 yy  LN(P0/P) (INTERFACES)                   
 -0.16000E+02 -0.15500E+02 -0.15000E+02 -0.14500E+02 -0.14000E+02 -0.13500E+02
 -0.13000E+02 -0.12500E+02 -0.12000E+02 -0.11500E+02 -0.11000E+02 -0.10500E+02
 -0.10000E+02 -0.95000E+01 -0.90000E+01 -0.85000E+01 -0.80000E+01 -0.75000E+01
 -0.70000E+01 -0.65000E+01 -0.60000E+01 -0.55000E+01 -0.50000E+01 -0.45000E+01
 -0.40000E+01 -0.35000E+01 -0.30000E+01 -0.25000E+01 -0.20000E+01 -0.15000E+01
 -0.10000E+01 -0.50000E+00  0.00000E+00  0.50000E+00  0.10000E+01  0.15000E+01
  0.20000E+01  0.25000E+01  0.30000E+01  0.35000E+01  0.40000E+01  0.45000E+01
  0.50000E+01  0.55000E+01  0.60000E+01  0.65000E+01  0.70000E+01  0.75000E+01
  0.80000E+01  0.85000E+01  0.90000E+01  0.95000E+01  0.10000E+02  0.10500E+02
  0.11000E+02  0.11500E+02  0.12000E+02  0.12500E+02  0.13000E+02  0.13500E+02
  0.14000E+02  0.14500E+02  0.15000E+02  0.15500E+02  0.16000E+02
  0.00000E+00  0.00000E+00  0.00000E+00  0.00000E+00  0.00000E+00  0.00000E+00
  0.00000E+00  0.00000E+00  0.00000E+00  0.00000E+00  0.00000E+00  0.00000E+00
  0.00000E+00  0.00000E+00  0.00000E+00  0.00000E+00  0.00000E+00  0.00000E+00
  0.00000E+00  0.00000E+00  0.00000E+00  0.00000E+00  0.00000E+00  0.00000E+00
  0.00000E+00  0.00000E+00  0.00000E+00  0.00000E+00  0.00000E+00  0.00000E+00
  0.00000E+00  0.00000E+00  0.00000E+00  0.00000E+00  0.00000E+00  0.00000E+00
  0.00000E+00  0.00000E+00  0.00000E+00  0.00000E+00  0.00000E+00  0.00000E+00
  0.00000E+00  0.00000E+00  0.00000E+00  0.00000E+00  0.00000E+00  0.00000E+00
  0.00000E+00  0.00000E+00  0.00000E+00  0.00000E+00  0.00000E+00  0.00000E+00
  0.00000E+00  0.00000E+00  0.00000E+00  0.00000E+00  0.00000E+00  0.00000E+00
  0.00000E+00  0.00000E+00  0.00000E+00  0.00000E+00  0.00000E+00
COSRCT ()                                                                       
UT= 0.02 LAT=   2.50 SLT=24.00 (HRS))                                           
VTGCM (DAY,HR,MIN=150, 0, 1)                                                    
Frame   33                                                                      
nx=   1 xx  COSRCT  
ny=  65 yy  LN(P0/P) (INTERFACES)                   
 -0.16000E+02 -0.15500E+02 -0.15000E+02 -0.14500E+02 -0.14000E+02 -0.13500E+02
 -0.13000E+02 -0.12500E+02 -0.12000E+02 -0.11500E+02 -0.11000E+02 -0.10500E+02
 -0.10000E+02 -0.95000E+01 -0.90000E+01 -0.85000E+01 -0.80000E+01 -0.75000E+01
 -0.70000E+01 -0.65000E+01 -0.60000E+01 -0.55000E+01 -0.50000E+01 -0.45000E+01
 -0.40000E+01 -0.35000E+01 -0.30000E+01 -0.25000E+01 -0.20000E+01 -0.15000E+01
 -0.10000E+01 -0.50000E+00  0.00000E+00  0.50000E+00  0.10000E+01  0.15000E+01
  0.20000E+01  0.25000E+01  0.30000E+01  0.35000E+01  0.40000E+01  0.45000E+01
  0.50000E+01  0.55000E+01  0.60000E+01  0.65000E+01  0.70000E+01  0.75000E+01
  0.80000E+01  0.85000E+01  0.90000E+01  0.95000E+01  0.10000E+02  0.10500E+02
  0.11000E+02  0.11500E+02  0.12000E+02  0.12500E+02  0.13000E+02  0.13500E+02
  0.14000E+02  0.14500E+02  0.15000E+02  0.15500E+02  0.16000E+02
  0.83436E+01  0.84140E+01  0.83157E+01  0.80822E+01  0.81483E+01  0.82063E+01
  0.79861E+01  0.76887E+01  0.73610E+01  0.69615E+01  0.63781E+01  0.55538E+01
  0.47802E+01  0.43170E+01  0.40486E+01  0.37659E+01  0.33477E+01  0.27531E+01
  0.20639E+01  0.14047E+01  0.83094E+00  0.39828E+00  0.11300E+00  0.00000E+00
  0.00000E+00  0.00000E+00  0.00000E+00  0.00000E+00  0.00000E+00  0.00000E+00
  0.00000E+00  0.00000E+00  0.00000E+00  0.00000E+00  0.00000E+00  0.00000E+00
  0.00000E+00  0.00000E+00  0.00000E+00  0.00000E+00  0.00000E+00  0.00000E+00
  0.00000E+00  0.00000E+00  0.00000E+00  0.00000E+00  0.00000E+00  0.00000E+00
  0.00000E+00  0.00000E+00  0.00000E+00  0.00000E+00  0.00000E+00  0.00000E+00
  0.00000E+00  0.00000E+00  0.00000E+00  0.00000E+00  0.00000E+00  0.00000E+00
  0.00000E+00  0.00000E+00  0.00000E+00  0.00000E+00  0.00000E+00
COSRCT ()                                                                       
UT= 0.02 LAT=   2.50 SLT=12.00 (HRS))                                           
VTGCM (DAY,HR,MIN=150, 0, 1)                                                    
Frame   34                                                                      
nx=   1 xx  COSRCT  
ny=  65 yy  LN(P0/P) (INTERFACES)                   
 -0.16000E+02 -0.15500E+02 -0.15000E+02 -0.14500E+02 -0.14000E+02 -0.13500E+02
 -0.13000E+02 -0.12500E+02 -0.12000E+02 -0.11500E+02 -0.11000E+02 -0.10500E+02
 -0.10000E+02 -0.95000E+01 -0.90000E+01 -0.85000E+01 -0.80000E+01 -0.75000E+01
 -0.70000E+01 -0.65000E+01 -0.60000E+01 -0.55000E+01 -0.50000E+01 -0.45000E+01
 -0.40000E+01 -0.35000E+01 -0.30000E+01 -0.25000E+01 -0.20000E+01 -0.15000E+01
 -0.10000E+01 -0.50000E+00  0.00000E+00  0.50000E+00  0.10000E+01  0.15000E+01
  0.20000E+01  0.25000E+01  0.30000E+01  0.35000E+01  0.40000E+01  0.45000E+01
  0.50000E+01  0.55000E+01  0.60000E+01  0.65000E+01  0.70000E+01  0.75000E+01
  0.80000E+01  0.85000E+01  0.90000E+01  0.95000E+01  0.10000E+02  0.10500E+02
  0.11000E+02  0.11500E+02  0.12000E+02  0.12500E+02  0.13000E+02  0.13500E+02
  0.14000E+02  0.14500E+02  0.15000E+02  0.15500E+02  0.16000E+02
  0.29792E+01  0.31070E+01  0.32337E+01  0.32571E+01  0.33053E+01  0.33276E+01
  0.33100E+01  0.32861E+01  0.32975E+01  0.33473E+01  0.33876E+01  0.33695E+01
  0.32848E+01  0.31515E+01  0.29844E+01  0.27998E+01  0.29079E+01  0.35296E+01
  0.42124E+01  0.46119E+01  0.48010E+01  0.48514E+01  0.48162E+01  0.47343E+01
  0.46302E+01  0.45137E+01  0.43850E+01  0.42486E+01  0.41358E+01  0.41039E+01
  0.41850E+01  0.43352E+01  0.44668E+01  0.45194E+01  0.44805E+01  0.43649E+01
  0.41938E+01  0.39855E+01  0.37540E+01  0.35083E+01  0.32530E+01  0.29901E+01
  0.27207E+01  0.24460E+01  0.21683E+01  0.18929E+01  0.16273E+01  0.13781E+01
  0.11466E+01  0.92815E+00  0.71629E+00  0.50548E+00  0.29170E+00  0.91817E-01
  0.00000E+00  0.00000E+00  0.00000E+00  0.00000E+00  0.00000E+00  0.00000E+00
  0.00000E+00  0.00000E+00  0.00000E+00  0.00000E+00  0.00000E+00
COLOSSA ()                                                                      
UT= 0.02 LAT=   2.50 SLT=24.00 (HRS))                                           
VTGCM (DAY,HR,MIN=150, 0, 1)                                                    
Frame   35                                                                      
nx=   1 xx  COLOSSA 
ny=  65 yy  LN(P0/P) (INTERFACES)                   
 -0.16000E+02 -0.15500E+02 -0.15000E+02 -0.14500E+02 -0.14000E+02 -0.13500E+02
 -0.13000E+02 -0.12500E+02 -0.12000E+02 -0.11500E+02 -0.11000E+02 -0.10500E+02
 -0.10000E+02 -0.95000E+01 -0.90000E+01 -0.85000E+01 -0.80000E+01 -0.75000E+01
 -0.70000E+01 -0.65000E+01 -0.60000E+01 -0.55000E+01 -0.50000E+01 -0.45000E+01
 -0.40000E+01 -0.35000E+01 -0.30000E+01 -0.25000E+01 -0.20000E+01 -0.15000E+01
 -0.10000E+01 -0.50000E+00  0.00000E+00  0.50000E+00  0.10000E+01  0.15000E+01
  0.20000E+01  0.25000E+01  0.30000E+01  0.35000E+01  0.40000E+01  0.45000E+01
  0.50000E+01  0.55000E+01  0.60000E+01  0.65000E+01  0.70000E+01  0.75000E+01
  0.80000E+01  0.85000E+01  0.90000E+01  0.95000E+01  0.10000E+02  0.10500E+02
  0.11000E+02  0.11500E+02  0.12000E+02  0.12500E+02  0.13000E+02  0.13500E+02
  0.14000E+02  0.14500E+02  0.15000E+02  0.15500E+02  0.16000E+02
  0.00000E+00  0.00000E+00  0.00000E+00  0.00000E+00  0.00000E+00  0.00000E+00
  0.00000E+00  0.00000E+00  0.00000E+00  0.00000E+00  0.00000E+00  0.15190E+00
  0.64518E+00  0.12421E+01  0.16914E+01  0.20206E+01  0.21203E+01  0.18492E+01
  0.12496E+01  0.45131E+00  0.87592E-02  0.00000E+00  0.00000E+00  0.00000E+00
  0.00000E+00  0.00000E+00  0.00000E+00  0.00000E+00  0.00000E+00  0.00000E+00
  0.00000E+00  0.00000E+00  0.00000E+00  0.00000E+00  0.00000E+00  0.00000E+00
  0.00000E+00  0.00000E+00  0.00000E+00  0.00000E+00  0.00000E+00  0.00000E+00
  0.00000E+00  0.00000E+00  0.00000E+00  0.00000E+00  0.00000E+00  0.00000E+00
  0.00000E+00  0.00000E+00  0.00000E+00  0.00000E+00  0.00000E+00  0.00000E+00
  0.00000E+00  0.00000E+00  0.00000E+00  0.00000E+00  0.00000E+00  0.00000E+00
  0.00000E+00  0.00000E+00  0.00000E+00  0.00000E+00  0.00000E+00
COLOSSA ()                                                                      
UT= 0.02 LAT=   2.50 SLT=12.00 (HRS))                                           
VTGCM (DAY,HR,MIN=150, 0, 1)                                                    
Frame   36                                                                      
nx=   1 xx  COLOSSA 
ny=  65 yy  LN(P0/P) (INTERFACES)                   
 -0.16000E+02 -0.15500E+02 -0.15000E+02 -0.14500E+02 -0.14000E+02 -0.13500E+02
 -0.13000E+02 -0.12500E+02 -0.12000E+02 -0.11500E+02 -0.11000E+02 -0.10500E+02
 -0.10000E+02 -0.95000E+01 -0.90000E+01 -0.85000E+01 -0.80000E+01 -0.75000E+01
 -0.70000E+01 -0.65000E+01 -0.60000E+01 -0.55000E+01 -0.50000E+01 -0.45000E+01
 -0.40000E+01 -0.35000E+01 -0.30000E+01 -0.25000E+01 -0.20000E+01 -0.15000E+01
 -0.10000E+01 -0.50000E+00  0.00000E+00  0.50000E+00  0.10000E+01  0.15000E+01
  0.20000E+01  0.25000E+01  0.30000E+01  0.35000E+01  0.40000E+01  0.45000E+01
  0.50000E+01  0.55000E+01  0.60000E+01  0.65000E+01  0.70000E+01  0.75000E+01
  0.80000E+01  0.85000E+01  0.90000E+01  0.95000E+01  0.10000E+02  0.10500E+02
  0.11000E+02  0.11500E+02  0.12000E+02  0.12500E+02  0.13000E+02  0.13500E+02
  0.14000E+02  0.14500E+02  0.15000E+02  0.15500E+02  0.16000E+02
  0.30521E+01  0.27575E+01  0.21303E+01  0.15878E+01  0.13156E+01  0.12132E+01
  0.12243E+01  0.11570E+01  0.82025E+00  0.51135E+00  0.39798E+00  0.49271E+00
  0.65401E+00  0.61278E+00  0.46562E+00  0.32966E+00  0.16392E+00  0.36050E-01
  0.00000E+00  0.00000E+00  0.00000E+00  0.00000E+00  0.00000E+00  0.00000E+00
  0.00000E+00  0.00000E+00  0.00000E+00  0.00000E+00  0.00000E+00  0.00000E+00
  0.00000E+00  0.00000E+00  0.00000E+00  0.00000E+00  0.00000E+00  0.00000E+00
  0.00000E+00  0.00000E+00  0.00000E+00  0.00000E+00  0.00000E+00  0.00000E+00
  0.00000E+00  0.00000E+00  0.00000E+00  0.00000E+00  0.00000E+00  0.00000E+00
  0.00000E+00  0.00000E+00  0.00000E+00  0.00000E+00  0.00000E+00  0.00000E+00
  0.00000E+00  0.00000E+00  0.00000E+00  0.00000E+00  0.00000E+00  0.00000E+00
  0.00000E+00  0.00000E+00  0.00000E+00  0.00000E+00  0.00000E+00
COLOSSB ()                                                                      
UT= 0.02 LAT=   2.50 SLT=24.00 (HRS))                                           
VTGCM (DAY,HR,MIN=150, 0, 1)                                                    
Frame   37                                                                      
nx=   1 xx  COLOSSB 
ny=  65 yy  LN(P0/P) (INTERFACES)                   
 -0.16000E+02 -0.15500E+02 -0.15000E+02 -0.14500E+02 -0.14000E+02 -0.13500E+02
 -0.13000E+02 -0.12500E+02 -0.12000E+02 -0.11500E+02 -0.11000E+02 -0.10500E+02
 -0.10000E+02 -0.95000E+01 -0.90000E+01 -0.85000E+01 -0.80000E+01 -0.75000E+01
 -0.70000E+01 -0.65000E+01 -0.60000E+01 -0.55000E+01 -0.50000E+01 -0.45000E+01
 -0.40000E+01 -0.35000E+01 -0.30000E+01 -0.25000E+01 -0.20000E+01 -0.15000E+01
 -0.10000E+01 -0.50000E+00  0.00000E+00  0.50000E+00  0.10000E+01  0.15000E+01
  0.20000E+01  0.25000E+01  0.30000E+01  0.35000E+01  0.40000E+01  0.45000E+01
  0.50000E+01  0.55000E+01  0.60000E+01  0.65000E+01  0.70000E+01  0.75000E+01
  0.80000E+01  0.85000E+01  0.90000E+01  0.95000E+01  0.10000E+02  0.10500E+02
  0.11000E+02  0.11500E+02  0.12000E+02  0.12500E+02  0.13000E+02  0.13500E+02
  0.14000E+02  0.14500E+02  0.15000E+02  0.15500E+02  0.16000E+02
  0.00000E+00  0.00000E+00  0.00000E+00  0.00000E+00  0.00000E+00  0.00000E+00
  0.00000E+00  0.00000E+00  0.00000E+00  0.00000E+00  0.00000E+00  0.00000E+00
  0.00000E+00  0.00000E+00  0.00000E+00  0.00000E+00  0.00000E+00  0.00000E+00
  0.00000E+00  0.00000E+00  0.00000E+00  0.00000E+00  0.00000E+00  0.00000E+00
  0.00000E+00  0.00000E+00  0.00000E+00  0.00000E+00  0.00000E+00  0.00000E+00
  0.00000E+00  0.00000E+00  0.00000E+00  0.00000E+00  0.00000E+00  0.00000E+00
  0.00000E+00  0.00000E+00  0.00000E+00  0.00000E+00  0.00000E+00  0.00000E+00
  0.00000E+00  0.00000E+00  0.00000E+00  0.00000E+00  0.00000E+00  0.00000E+00
  0.00000E+00  0.00000E+00  0.00000E+00  0.00000E+00  0.00000E+00  0.00000E+00
  0.00000E+00  0.00000E+00  0.00000E+00  0.00000E+00  0.00000E+00  0.00000E+00
  0.00000E+00  0.00000E+00  0.00000E+00  0.00000E+00  0.00000E+00
COLOSSB ()                                                                      
UT= 0.02 LAT=   2.50 SLT=12.00 (HRS))                                           
VTGCM (DAY,HR,MIN=150, 0, 1)                                                    
Frame   38                                                                      
nx=   1 xx  COLOSSB 
ny=  65 yy  LN(P0/P) (INTERFACES)                   
 -0.16000E+02 -0.15500E+02 -0.15000E+02 -0.14500E+02 -0.14000E+02 -0.13500E+02
 -0.13000E+02 -0.12500E+02 -0.12000E+02 -0.11500E+02 -0.11000E+02 -0.10500E+02
 -0.10000E+02 -0.95000E+01 -0.90000E+01 -0.85000E+01 -0.80000E+01 -0.75000E+01
 -0.70000E+01 -0.65000E+01 -0.60000E+01 -0.55000E+01 -0.50000E+01 -0.45000E+01
 -0.40000E+01 -0.35000E+01 -0.30000E+01 -0.25000E+01 -0.20000E+01 -0.15000E+01
 -0.10000E+01 -0.50000E+00  0.00000E+00  0.50000E+00  0.10000E+01  0.15000E+01
  0.20000E+01  0.25000E+01  0.30000E+01  0.35000E+01  0.40000E+01  0.45000E+01
  0.50000E+01  0.55000E+01  0.60000E+01  0.65000E+01  0.70000E+01  0.75000E+01
  0.80000E+01  0.85000E+01  0.90000E+01  0.95000E+01  0.10000E+02  0.10500E+02
  0.11000E+02  0.11500E+02  0.12000E+02  0.12500E+02  0.13000E+02  0.13500E+02
  0.14000E+02  0.14500E+02  0.15000E+02  0.15500E+02  0.16000E+02
  0.00000E+00  0.00000E+00  0.00000E+00  0.00000E+00  0.00000E+00  0.00000E+00
  0.00000E+00  0.00000E+00  0.00000E+00  0.00000E+00  0.00000E+00  0.00000E+00
  0.00000E+00  0.00000E+00  0.00000E+00  0.00000E+00  0.00000E+00  0.00000E+00
  0.00000E+00  0.00000E+00  0.00000E+00  0.00000E+00  0.00000E+00  0.00000E+00
  0.00000E+00  0.00000E+00  0.00000E+00  0.00000E+00  0.00000E+00  0.00000E+00
  0.00000E+00  0.00000E+00  0.00000E+00  0.00000E+00  0.00000E+00  0.00000E+00
  0.00000E+00  0.00000E+00  0.00000E+00  0.00000E+00  0.00000E+00  0.00000E+00
  0.00000E+00  0.00000E+00  0.00000E+00  0.00000E+00  0.00000E+00  0.00000E+00
  0.00000E+00  0.00000E+00  0.00000E+00  0.00000E+00  0.00000E+00  0.00000E+00
  0.00000E+00  0.00000E+00  0.00000E+00  0.00000E+00  0.00000E+00  0.00000E+00
  0.00000E+00  0.00000E+00  0.00000E+00  0.00000E+00  0.00000E+00
COLOSSC ()                                                                      
UT= 0.02 LAT=   2.50 SLT=24.00 (HRS))                                           
VTGCM (DAY,HR,MIN=150, 0, 1)                                                    
Frame   39                                                                      
nx=   1 xx  COLOSSC 
ny=  65 yy  LN(P0/P) (INTERFACES)                   
 -0.16000E+02 -0.15500E+02 -0.15000E+02 -0.14500E+02 -0.14000E+02 -0.13500E+02
 -0.13000E+02 -0.12500E+02 -0.12000E+02 -0.11500E+02 -0.11000E+02 -0.10500E+02
 -0.10000E+02 -0.95000E+01 -0.90000E+01 -0.85000E+01 -0.80000E+01 -0.75000E+01
 -0.70000E+01 -0.65000E+01 -0.60000E+01 -0.55000E+01 -0.50000E+01 -0.45000E+01
 -0.40000E+01 -0.35000E+01 -0.30000E+01 -0.25000E+01 -0.20000E+01 -0.15000E+01
 -0.10000E+01 -0.50000E+00  0.00000E+00  0.50000E+00  0.10000E+01  0.15000E+01
  0.20000E+01  0.25000E+01  0.30000E+01  0.35000E+01  0.40000E+01  0.45000E+01
  0.50000E+01  0.55000E+01  0.60000E+01  0.65000E+01  0.70000E+01  0.75000E+01
  0.80000E+01  0.85000E+01  0.90000E+01  0.95000E+01  0.10000E+02  0.10500E+02
  0.11000E+02  0.11500E+02  0.12000E+02  0.12500E+02  0.13000E+02  0.13500E+02
  0.14000E+02  0.14500E+02  0.15000E+02  0.15500E+02  0.16000E+02
  0.00000E+00  0.00000E+00  0.00000E+00  0.00000E+00  0.00000E+00  0.00000E+00
  0.00000E+00  0.00000E+00  0.00000E+00  0.00000E+00  0.00000E+00  0.00000E+00
  0.00000E+00  0.00000E+00  0.00000E+00  0.00000E+00  0.00000E+00  0.00000E+00
  0.00000E+00  0.00000E+00  0.00000E+00  0.00000E+00  0.00000E+00  0.00000E+00
  0.00000E+00  0.00000E+00  0.00000E+00  0.00000E+00  0.00000E+00  0.00000E+00
  0.00000E+00  0.00000E+00  0.00000E+00  0.00000E+00  0.00000E+00  0.00000E+00
  0.00000E+00  0.00000E+00  0.00000E+00  0.00000E+00  0.00000E+00  0.00000E+00
  0.00000E+00  0.00000E+00  0.00000E+00  0.00000E+00  0.00000E+00  0.00000E+00
  0.00000E+00  0.00000E+00  0.00000E+00  0.00000E+00  0.00000E+00  0.00000E+00
  0.00000E+00  0.00000E+00  0.00000E+00  0.00000E+00  0.00000E+00  0.00000E+00
  0.00000E+00  0.00000E+00  0.00000E+00  0.00000E+00  0.00000E+00
COLOSSC ()                                                                      
UT= 0.02 LAT=   2.50 SLT=12.00 (HRS))                                           
VTGCM (DAY,HR,MIN=150, 0, 1)                                                    
Frame   40                                                                      
nx=   1 xx  COLOSSC 
ny=  65 yy  LN(P0/P) (INTERFACES)                   
 -0.16000E+02 -0.15500E+02 -0.15000E+02 -0.14500E+02 -0.14000E+02 -0.13500E+02
 -0.13000E+02 -0.12500E+02 -0.12000E+02 -0.11500E+02 -0.11000E+02 -0.10500E+02
 -0.10000E+02 -0.95000E+01 -0.90000E+01 -0.85000E+01 -0.80000E+01 -0.75000E+01
 -0.70000E+01 -0.65000E+01 -0.60000E+01 -0.55000E+01 -0.50000E+01 -0.45000E+01
 -0.40000E+01 -0.35000E+01 -0.30000E+01 -0.25000E+01 -0.20000E+01 -0.15000E+01
 -0.10000E+01 -0.50000E+00  0.00000E+00  0.50000E+00  0.10000E+01  0.15000E+01
  0.20000E+01  0.25000E+01  0.30000E+01  0.35000E+01  0.40000E+01  0.45000E+01
  0.50000E+01  0.55000E+01  0.60000E+01  0.65000E+01  0.70000E+01  0.75000E+01
  0.80000E+01  0.85000E+01  0.90000E+01  0.95000E+01  0.10000E+02  0.10500E+02
  0.11000E+02  0.11500E+02  0.12000E+02  0.12500E+02  0.13000E+02  0.13500E+02
  0.14000E+02  0.14500E+02  0.15000E+02  0.15500E+02  0.16000E+02
  0.00000E+00  0.00000E+00  0.00000E+00  0.00000E+00  0.00000E+00  0.00000E+00
  0.00000E+00  0.00000E+00  0.00000E+00  0.00000E+00  0.00000E+00  0.00000E+00
  0.00000E+00  0.00000E+00  0.00000E+00  0.00000E+00  0.00000E+00  0.00000E+00
  0.00000E+00  0.00000E+00  0.00000E+00  0.00000E+00  0.00000E+00  0.00000E+00
  0.00000E+00  0.00000E+00  0.00000E+00  0.00000E+00  0.00000E+00  0.00000E+00
  0.00000E+00  0.00000E+00  0.00000E+00  0.00000E+00  0.00000E+00  0.00000E+00
  0.00000E+00  0.00000E+00  0.00000E+00  0.00000E+00  0.00000E+00  0.00000E+00
  0.00000E+00  0.00000E+00  0.00000E+00  0.00000E+00  0.00000E+00  0.00000E+00
  0.00000E+00  0.00000E+00  0.00000E+00  0.00000E+00  0.00000E+00  0.00000E+00
  0.00000E+00  0.00000E+00  0.00000E+00  0.00000E+00  0.00000E+00  0.00000E+00
  0.00000E+00  0.00000E+00  0.00000E+00  0.00000E+00  0.00000E+00
COLOSSH ()                                                                      
UT= 0.02 LAT=   2.50 SLT=24.00 (HRS))                                           
VTGCM (DAY,HR,MIN=150, 0, 1)                                                    
Frame   41                                                                      
nx=   1 xx  COLOSSH 
ny=  65 yy  LN(P0/P) (INTERFACES)                   
 -0.16000E+02 -0.15500E+02 -0.15000E+02 -0.14500E+02 -0.14000E+02 -0.13500E+02
 -0.13000E+02 -0.12500E+02 -0.12000E+02 -0.11500E+02 -0.11000E+02 -0.10500E+02
 -0.10000E+02 -0.95000E+01 -0.90000E+01 -0.85000E+01 -0.80000E+01 -0.75000E+01
 -0.70000E+01 -0.65000E+01 -0.60000E+01 -0.55000E+01 -0.50000E+01 -0.45000E+01
 -0.40000E+01 -0.35000E+01 -0.30000E+01 -0.25000E+01 -0.20000E+01 -0.15000E+01
 -0.10000E+01 -0.50000E+00  0.00000E+00  0.50000E+00  0.10000E+01  0.15000E+01
  0.20000E+01  0.25000E+01  0.30000E+01  0.35000E+01  0.40000E+01  0.45000E+01
  0.50000E+01  0.55000E+01  0.60000E+01  0.65000E+01  0.70000E+01  0.75000E+01
  0.80000E+01  0.85000E+01  0.90000E+01  0.95000E+01  0.10000E+02  0.10500E+02
  0.11000E+02  0.11500E+02  0.12000E+02  0.12500E+02  0.13000E+02  0.13500E+02
  0.14000E+02  0.14500E+02  0.15000E+02  0.15500E+02  0.16000E+02
  0.80407E+01  0.82620E+01  0.83382E+01  0.82301E+01  0.83826E+01  0.83817E+01
  0.80018E+01  0.74602E+01  0.69465E+01  0.64972E+01  0.60849E+01  0.57249E+01
  0.54735E+01  0.52300E+01  0.48441E+01  0.43244E+01  0.37089E+01  0.30583E+01
  0.24349E+01  0.18530E+01  0.13119E+01  0.80956E+00  0.28390E+00  0.00000E+00
  0.00000E+00  0.00000E+00  0.00000E+00  0.00000E+00  0.00000E+00  0.00000E+00
  0.00000E+00  0.00000E+00  0.00000E+00  0.00000E+00  0.00000E+00  0.00000E+00
  0.00000E+00  0.00000E+00  0.00000E+00  0.00000E+00  0.00000E+00  0.00000E+00
  0.00000E+00  0.00000E+00  0.00000E+00  0.00000E+00  0.00000E+00  0.00000E+00
  0.00000E+00  0.00000E+00  0.00000E+00  0.00000E+00  0.00000E+00  0.00000E+00
  0.00000E+00  0.00000E+00  0.00000E+00  0.00000E+00  0.00000E+00  0.00000E+00
  0.00000E+00  0.00000E+00  0.00000E+00  0.00000E+00  0.00000E+00
COLOSSH ()                                                                      
UT= 0.02 LAT=   2.50 SLT=12.00 (HRS))                                           
VTGCM (DAY,HR,MIN=150, 0, 1)                                                    
Frame   42                                                                      
nx=   1 xx  COLOSSH 
ny=  65 yy  LN(P0/P) (INTERFACES)                   
 -0.16000E+02 -0.15500E+02 -0.15000E+02 -0.14500E+02 -0.14000E+02 -0.13500E+02
 -0.13000E+02 -0.12500E+02 -0.12000E+02 -0.11500E+02 -0.11000E+02 -0.10500E+02
 -0.10000E+02 -0.95000E+01 -0.90000E+01 -0.85000E+01 -0.80000E+01 -0.75000E+01
 -0.70000E+01 -0.65000E+01 -0.60000E+01 -0.55000E+01 -0.50000E+01 -0.45000E+01
 -0.40000E+01 -0.35000E+01 -0.30000E+01 -0.25000E+01 -0.20000E+01 -0.15000E+01
 -0.10000E+01 -0.50000E+00  0.00000E+00  0.50000E+00  0.10000E+01  0.15000E+01
  0.20000E+01  0.25000E+01  0.30000E+01  0.35000E+01  0.40000E+01  0.45000E+01
  0.50000E+01  0.55000E+01  0.60000E+01  0.65000E+01  0.70000E+01  0.75000E+01
  0.80000E+01  0.85000E+01  0.90000E+01  0.95000E+01  0.10000E+02  0.10500E+02
  0.11000E+02  0.11500E+02  0.12000E+02  0.12500E+02  0.13000E+02  0.13500E+02
  0.14000E+02  0.14500E+02  0.15000E+02  0.15500E+02  0.16000E+02
  0.23429E+01  0.23440E+01  0.23408E+01  0.23276E+01  0.23078E+01  0.22866E+01
  0.22675E+01  0.22506E+01  0.22362E+01  0.22278E+01  0.22274E+01  0.22342E+01
  0.22475E+01  0.22664E+01  0.22892E+01  0.23131E+01  0.23353E+01  0.23536E+01
  0.23673E+01  0.23767E+01  0.23828E+01  0.23866E+01  0.23889E+01  0.23903E+01
  0.23911E+01  0.23916E+01  0.23918E+01  0.23920E+01  0.23921E+01  0.23922E+01
  0.23922E+01  0.23922E+01  0.23923E+01  0.23923E+01  0.23923E+01  0.23923E+01
  0.23923E+01  0.23923E+01  0.23923E+01  0.23923E+01  0.23923E+01  0.23923E+01
  0.23923E+01  0.23923E+01  0.23923E+01  0.23923E+01  0.23923E+01  0.23923E+01
  0.23707E+01  0.23279E+01  0.22914E+01  0.22635E+01  0.22414E+01  0.22257E+01
  0.22161E+01  0.22098E+01  0.22001E+01  0.21887E+01  0.21855E+01  0.21939E+01
  0.22076E+01  0.22187E+01  0.22296E+01  0.22447E+01  0.22607E+01
COLOSST ()                                                                      
UT= 0.02 LAT=   2.50 SLT=24.00 (HRS))                                           
VTGCM (DAY,HR,MIN=150, 0, 1)                                                    
Frame   43                                                                      
nx=   1 xx  COLOSST 
ny=  65 yy  LN(P0/P) (INTERFACES)                   
 -0.16000E+02 -0.15500E+02 -0.15000E+02 -0.14500E+02 -0.14000E+02 -0.13500E+02
 -0.13000E+02 -0.12500E+02 -0.12000E+02 -0.11500E+02 -0.11000E+02 -0.10500E+02
 -0.10000E+02 -0.95000E+01 -0.90000E+01 -0.85000E+01 -0.80000E+01 -0.75000E+01
 -0.70000E+01 -0.65000E+01 -0.60000E+01 -0.55000E+01 -0.50000E+01 -0.45000E+01
 -0.40000E+01 -0.35000E+01 -0.30000E+01 -0.25000E+01 -0.20000E+01 -0.15000E+01
 -0.10000E+01 -0.50000E+00  0.00000E+00  0.50000E+00  0.10000E+01  0.15000E+01
  0.20000E+01  0.25000E+01  0.30000E+01  0.35000E+01  0.40000E+01  0.45000E+01
  0.50000E+01  0.55000E+01  0.60000E+01  0.65000E+01  0.70000E+01  0.75000E+01
  0.80000E+01  0.85000E+01  0.90000E+01  0.95000E+01  0.10000E+02  0.10500E+02
  0.11000E+02  0.11500E+02  0.12000E+02  0.12500E+02  0.13000E+02  0.13500E+02
  0.14000E+02  0.14500E+02  0.15000E+02  0.15500E+02  0.16000E+02
  0.80407E+01  0.82620E+01  0.83382E+01  0.82301E+01  0.83826E+01  0.83817E+01
  0.80018E+01  0.74602E+01  0.69465E+01  0.64972E+01  0.60849E+01  0.57249E+01
  0.54735E+01  0.52301E+01  0.48446E+01  0.43277E+01  0.37225E+01  0.30849E+01
  0.24627E+01  0.18710E+01  0.13202E+01  0.81266E+00  0.28467E+00  0.00000E+00
  0.00000E+00  0.00000E+00  0.00000E+00  0.00000E+00  0.00000E+00  0.00000E+00
  0.00000E+00  0.00000E+00  0.00000E+00  0.00000E+00  0.00000E+00  0.00000E+00
  0.00000E+00  0.00000E+00  0.00000E+00  0.00000E+00  0.00000E+00  0.00000E+00
  0.00000E+00  0.00000E+00  0.00000E+00  0.00000E+00  0.00000E+00  0.00000E+00
  0.00000E+00  0.00000E+00  0.00000E+00  0.00000E+00  0.00000E+00  0.00000E+00
  0.00000E+00  0.00000E+00  0.00000E+00  0.00000E+00  0.00000E+00  0.00000E+00
  0.00000E+00  0.00000E+00  0.00000E+00  0.00000E+00  0.00000E+00
COLOSST ()                                                                      
UT= 0.02 LAT=   2.50 SLT=12.00 (HRS))                                           
VTGCM (DAY,HR,MIN=150, 0, 1)                                                    
Frame   44                                                                      
nx=   1 xx  COLOSST 
ny=  65 yy  LN(P0/P) (INTERFACES)                   
 -0.16000E+02 -0.15500E+02 -0.15000E+02 -0.14500E+02 -0.14000E+02 -0.13500E+02
 -0.13000E+02 -0.12500E+02 -0.12000E+02 -0.11500E+02 -0.11000E+02 -0.10500E+02
 -0.10000E+02 -0.95000E+01 -0.90000E+01 -0.85000E+01 -0.80000E+01 -0.75000E+01
 -0.70000E+01 -0.65000E+01 -0.60000E+01 -0.55000E+01 -0.50000E+01 -0.45000E+01
 -0.40000E+01 -0.35000E+01 -0.30000E+01 -0.25000E+01 -0.20000E+01 -0.15000E+01
 -0.10000E+01 -0.50000E+00  0.00000E+00  0.50000E+00  0.10000E+01  0.15000E+01
  0.20000E+01  0.25000E+01  0.30000E+01  0.35000E+01  0.40000E+01  0.45000E+01
  0.50000E+01  0.55000E+01  0.60000E+01  0.65000E+01  0.70000E+01  0.75000E+01
  0.80000E+01  0.85000E+01  0.90000E+01  0.95000E+01  0.10000E+02  0.10500E+02
  0.11000E+02  0.11500E+02  0.12000E+02  0.12500E+02  0.13000E+02  0.13500E+02
  0.14000E+02  0.14500E+02  0.15000E+02  0.15500E+02  0.16000E+02
  0.31296E+01  0.29193E+01  0.25779E+01  0.24063E+01  0.23502E+01  0.23219E+01
  0.23054E+01  0.22852E+01  0.22544E+01  0.22362E+01  0.22338E+01  0.22422E+01
  0.22585E+01  0.22762E+01  0.22957E+01  0.23177E+01  0.23383E+01  0.23554E+01
  0.23683E+01  0.23774E+01  0.23833E+01  0.23868E+01  0.23890E+01  0.23903E+01
  0.23911E+01  0.23916E+01  0.23918E+01  0.23920E+01  0.23921E+01  0.23922E+01
  0.23922E+01  0.23922E+01  0.23923E+01  0.23923E+01  0.23923E+01  0.23923E+01
  0.23923E+01  0.23923E+01  0.23923E+01  0.23923E+01  0.23923E+01  0.23923E+01
  0.23923E+01  0.23923E+01  0.23923E+01  0.23923E+01  0.23923E+01  0.23923E+01
  0.23707E+01  0.23279E+01  0.22914E+01  0.22635E+01  0.22414E+01  0.22257E+01
  0.22161E+01  0.22098E+01  0.22001E+01  0.21887E+01  0.21855E+01  0.21939E+01
  0.22076E+01  0.22187E+01  0.22296E+01  0.22447E+01  0.22607E+01
