O2SRCA ()                                                                       
UT= 0.02 LAT=   2.50 SLT=24.00 (HRS))                                           
VTGCM (DAY,HR,MIN=150, 0, 1)                                                    
Frame    1                                                                      
nx=   1 xx  O2SRCA  
ny=  65 yy  LN(P0/P) (INTERFACES)                   
 -0.16000E+02 -0.15500E+02 -0.15000E+02 -0.14500E+02 -0.14000E+02 -0.13500E+02
 -0.13000E+02 -0.12500E+02 -0.12000E+02 -0.11500E+02 -0.11000E+02 -0.10500E+02
 -0.10000E+02 -0.95000E+01 -0.90000E+01 -0.85000E+01 -0.80000E+01 -0.75000E+01
 -0.70000E+01 -0.65000E+01 -0.60000E+01 -0.55000E+01 -0.50000E+01 -0.45000E+01
 -0.40000E+01 -0.35000E+01 -0.30000E+01 -0.25000E+01 -0.20000E+01 -0.15000E+01
 -0.10000E+01 -0.50000E+00  0.00000E+00  0.50000E+00  0.10000E+01  0.15000E+01
  0.20000E+01  0.25000E+01  0.30000E+01  0.35000E+01  0.40000E+01  0.45000E+01
  0.50000E+01  0.55000E+01  0.60000E+01  0.65000E+01  0.70000E+01  0.75000E+01
  0.80000E+01  0.85000E+01  0.90000E+01  0.95000E+01  0.10000E+02  0.10500E+02
  0.11000E+02  0.11500E+02  0.12000E+02  0.12500E+02  0.13000E+02  0.13500E+02
  0.14000E+02  0.14500E+02  0.15000E+02  0.15500E+02  0.16000E+02
  0.00000E+00  0.00000E+00  0.00000E+00  0.00000E+00  0.00000E+00  0.00000E+00
  0.00000E+00  0.00000E+00  0.00000E+00  0.00000E+00  0.40109E-01  0.14132E+01
  0.35241E+01  0.48486E+01  0.57447E+01  0.62815E+01  0.64691E+01  0.62936E+01
  0.58951E+01  0.54697E+01  0.50747E+01  0.46882E+01  0.42933E+01  0.38826E+01
  0.34580E+01  0.30244E+01  0.25850E+01  0.21417E+01  0.16965E+01  0.12540E+01
  0.81919E+00  0.39372E+00  0.91646E-01  0.00000E+00  0.00000E+00  0.00000E+00
  0.00000E+00  0.00000E+00  0.00000E+00  0.00000E+00  0.00000E+00  0.00000E+00
  0.00000E+00  0.00000E+00  0.00000E+00  0.00000E+00  0.00000E+00  0.00000E+00
  0.00000E+00  0.00000E+00  0.00000E+00  0.00000E+00  0.00000E+00  0.00000E+00
  0.00000E+00  0.00000E+00  0.00000E+00  0.00000E+00  0.00000E+00  0.00000E+00
  0.00000E+00  0.00000E+00  0.00000E+00  0.00000E+00  0.00000E+00
O2SRCA ()                                                                       
UT= 0.02 LAT=   2.50 SLT=12.00 (HRS))                                           
VTGCM (DAY,HR,MIN=150, 0, 1)                                                    
Frame    2                                                                      
nx=   1 xx  O2SRCA  
ny=  65 yy  LN(P0/P) (INTERFACES)                   
 -0.16000E+02 -0.15500E+02 -0.15000E+02 -0.14500E+02 -0.14000E+02 -0.13500E+02
 -0.13000E+02 -0.12500E+02 -0.12000E+02 -0.11500E+02 -0.11000E+02 -0.10500E+02
 -0.10000E+02 -0.95000E+01 -0.90000E+01 -0.85000E+01 -0.80000E+01 -0.75000E+01
 -0.70000E+01 -0.65000E+01 -0.60000E+01 -0.55000E+01 -0.50000E+01 -0.45000E+01
 -0.40000E+01 -0.35000E+01 -0.30000E+01 -0.25000E+01 -0.20000E+01 -0.15000E+01
 -0.10000E+01 -0.50000E+00  0.00000E+00  0.50000E+00  0.10000E+01  0.15000E+01
  0.20000E+01  0.25000E+01  0.30000E+01  0.35000E+01  0.40000E+01  0.45000E+01
  0.50000E+01  0.55000E+01  0.60000E+01  0.65000E+01  0.70000E+01  0.75000E+01
  0.80000E+01  0.85000E+01  0.90000E+01  0.95000E+01  0.10000E+02  0.10500E+02
  0.11000E+02  0.11500E+02  0.12000E+02  0.12500E+02  0.13000E+02  0.13500E+02
  0.14000E+02  0.14500E+02  0.15000E+02  0.15500E+02  0.16000E+02
  0.82499E-01  0.71557E+00  0.17616E+01  0.25763E+01  0.33645E+01  0.38494E+01
  0.40249E+01  0.41651E+01  0.43148E+01  0.45839E+01  0.49682E+01  0.52911E+01
  0.54412E+01  0.54229E+01  0.52660E+01  0.49908E+01  0.46193E+01  0.41947E+01
  0.37406E+01  0.32635E+01  0.28193E+01  0.24417E+01  0.21179E+01  0.18442E+01
  0.16159E+01  0.14076E+01  0.11700E+01  0.86478E+00  0.49864E+00  0.15244E+00
  0.00000E+00  0.00000E+00  0.00000E+00  0.00000E+00  0.00000E+00  0.00000E+00
  0.00000E+00  0.00000E+00  0.00000E+00  0.00000E+00  0.00000E+00  0.00000E+00
  0.00000E+00  0.00000E+00  0.00000E+00  0.00000E+00  0.00000E+00  0.00000E+00
  0.00000E+00  0.00000E+00  0.00000E+00  0.00000E+00  0.00000E+00  0.00000E+00
  0.00000E+00  0.00000E+00  0.00000E+00  0.00000E+00  0.00000E+00  0.00000E+00
  0.00000E+00  0.00000E+00  0.00000E+00  0.00000E+00  0.00000E+00
O2SRCB ()                                                                       
UT= 0.02 LAT=   2.50 SLT=24.00 (HRS))                                           
VTGCM (DAY,HR,MIN=150, 0, 1)                                                    
Frame    3                                                                      
nx=   1 xx  O2SRCB  
ny=  65 yy  LN(P0/P) (INTERFACES)                   
 -0.16000E+02 -0.15500E+02 -0.15000E+02 -0.14500E+02 -0.14000E+02 -0.13500E+02
 -0.13000E+02 -0.12500E+02 -0.12000E+02 -0.11500E+02 -0.11000E+02 -0.10500E+02
 -0.10000E+02 -0.95000E+01 -0.90000E+01 -0.85000E+01 -0.80000E+01 -0.75000E+01
 -0.70000E+01 -0.65000E+01 -0.60000E+01 -0.55000E+01 -0.50000E+01 -0.45000E+01
 -0.40000E+01 -0.35000E+01 -0.30000E+01 -0.25000E+01 -0.20000E+01 -0.15000E+01
 -0.10000E+01 -0.50000E+00  0.00000E+00  0.50000E+00  0.10000E+01  0.15000E+01
  0.20000E+01  0.25000E+01  0.30000E+01  0.35000E+01  0.40000E+01  0.45000E+01
  0.50000E+01  0.55000E+01  0.60000E+01  0.65000E+01  0.70000E+01  0.75000E+01
  0.80000E+01  0.85000E+01  0.90000E+01  0.95000E+01  0.10000E+02  0.10500E+02
  0.11000E+02  0.11500E+02  0.12000E+02  0.12500E+02  0.13000E+02  0.13500E+02
  0.14000E+02  0.14500E+02  0.15000E+02  0.15500E+02  0.16000E+02
  0.21437E+01  0.21418E+01  0.20415E+01  0.20304E+01  0.21368E+01  0.20843E+01
  0.17707E+01  0.14795E+01  0.12198E+01  0.13544E+01  0.25952E+01  0.39601E+01
  0.46637E+01  0.50285E+01  0.51852E+01  0.51455E+01  0.48977E+01  0.44229E+01
  0.38012E+01  0.31427E+01  0.24836E+01  0.18269E+01  0.74967E+00  0.00000E+00
  0.00000E+00  0.00000E+00  0.00000E+00  0.00000E+00  0.00000E+00  0.00000E+00
  0.00000E+00  0.00000E+00  0.00000E+00  0.00000E+00  0.00000E+00  0.00000E+00
  0.00000E+00  0.00000E+00  0.00000E+00  0.00000E+00  0.00000E+00  0.00000E+00
  0.00000E+00  0.00000E+00  0.00000E+00  0.00000E+00  0.00000E+00  0.00000E+00
  0.00000E+00  0.00000E+00  0.00000E+00  0.00000E+00  0.00000E+00  0.00000E+00
  0.00000E+00  0.00000E+00  0.00000E+00  0.00000E+00  0.00000E+00  0.00000E+00
  0.00000E+00  0.00000E+00  0.00000E+00  0.00000E+00  0.00000E+00
O2SRCB ()                                                                       
UT= 0.02 LAT=   2.50 SLT=12.00 (HRS))                                           
VTGCM (DAY,HR,MIN=150, 0, 1)                                                    
Frame    4                                                                      
nx=   1 xx  O2SRCB  
ny=  65 yy  LN(P0/P) (INTERFACES)                   
 -0.16000E+02 -0.15500E+02 -0.15000E+02 -0.14500E+02 -0.14000E+02 -0.13500E+02
 -0.13000E+02 -0.12500E+02 -0.12000E+02 -0.11500E+02 -0.11000E+02 -0.10500E+02
 -0.10000E+02 -0.95000E+01 -0.90000E+01 -0.85000E+01 -0.80000E+01 -0.75000E+01
 -0.70000E+01 -0.65000E+01 -0.60000E+01 -0.55000E+01 -0.50000E+01 -0.45000E+01
 -0.40000E+01 -0.35000E+01 -0.30000E+01 -0.25000E+01 -0.20000E+01 -0.15000E+01
 -0.10000E+01 -0.50000E+00  0.00000E+00  0.50000E+00  0.10000E+01  0.15000E+01
  0.20000E+01  0.25000E+01  0.30000E+01  0.35000E+01  0.40000E+01  0.45000E+01
  0.50000E+01  0.55000E+01  0.60000E+01  0.65000E+01  0.70000E+01  0.75000E+01
  0.80000E+01  0.85000E+01  0.90000E+01  0.95000E+01  0.10000E+02  0.10500E+02
  0.11000E+02  0.11500E+02  0.12000E+02  0.12500E+02  0.13000E+02  0.13500E+02
  0.14000E+02  0.14500E+02  0.15000E+02  0.15500E+02  0.16000E+02
  0.00000E+00  0.00000E+00  0.00000E+00  0.00000E+00  0.00000E+00  0.00000E+00
  0.00000E+00  0.00000E+00  0.00000E+00  0.00000E+00  0.00000E+00  0.00000E+00
  0.00000E+00  0.00000E+00  0.00000E+00  0.00000E+00  0.00000E+00  0.00000E+00
  0.00000E+00  0.00000E+00  0.00000E+00  0.00000E+00  0.00000E+00  0.00000E+00
  0.00000E+00  0.00000E+00  0.00000E+00  0.00000E+00  0.00000E+00  0.00000E+00
  0.00000E+00  0.00000E+00  0.00000E+00  0.00000E+00  0.00000E+00  0.00000E+00
  0.00000E+00  0.00000E+00  0.00000E+00  0.00000E+00  0.00000E+00  0.00000E+00
  0.00000E+00  0.00000E+00  0.00000E+00  0.00000E+00  0.00000E+00  0.00000E+00
  0.00000E+00  0.00000E+00  0.00000E+00  0.00000E+00  0.00000E+00  0.00000E+00
  0.00000E+00  0.00000E+00  0.00000E+00  0.00000E+00  0.00000E+00  0.00000E+00
  0.00000E+00  0.00000E+00  0.00000E+00  0.00000E+00  0.00000E+00
O2SRCC ()                                                                       
UT= 0.02 LAT=   2.50 SLT=24.00 (HRS))                                           
VTGCM (DAY,HR,MIN=150, 0, 1)                                                    
Frame    5                                                                      
nx=   1 xx  O2SRCC  
ny=  65 yy  LN(P0/P) (INTERFACES)                   
 -0.16000E+02 -0.15500E+02 -0.15000E+02 -0.14500E+02 -0.14000E+02 -0.13500E+02
 -0.13000E+02 -0.12500E+02 -0.12000E+02 -0.11500E+02 -0.11000E+02 -0.10500E+02
 -0.10000E+02 -0.95000E+01 -0.90000E+01 -0.85000E+01 -0.80000E+01 -0.75000E+01
 -0.70000E+01 -0.65000E+01 -0.60000E+01 -0.55000E+01 -0.50000E+01 -0.45000E+01
 -0.40000E+01 -0.35000E+01 -0.30000E+01 -0.25000E+01 -0.20000E+01 -0.15000E+01
 -0.10000E+01 -0.50000E+00  0.00000E+00  0.50000E+00  0.10000E+01  0.15000E+01
  0.20000E+01  0.25000E+01  0.30000E+01  0.35000E+01  0.40000E+01  0.45000E+01
  0.50000E+01  0.55000E+01  0.60000E+01  0.65000E+01  0.70000E+01  0.75000E+01
  0.80000E+01  0.85000E+01  0.90000E+01  0.95000E+01  0.10000E+02  0.10500E+02
  0.11000E+02  0.11500E+02  0.12000E+02  0.12500E+02  0.13000E+02  0.13500E+02
  0.14000E+02  0.14500E+02  0.15000E+02  0.15500E+02  0.16000E+02
  0.00000E+00  0.00000E+00  0.00000E+00  0.00000E+00  0.00000E+00  0.00000E+00
  0.00000E+00  0.00000E+00  0.00000E+00  0.00000E+00  0.00000E+00  0.00000E+00
  0.00000E+00  0.00000E+00  0.00000E+00  0.00000E+00  0.00000E+00  0.00000E+00
  0.00000E+00  0.00000E+00  0.00000E+00  0.00000E+00  0.00000E+00  0.00000E+00
  0.00000E+00  0.00000E+00  0.00000E+00  0.00000E+00  0.00000E+00  0.00000E+00
  0.00000E+00  0.00000E+00  0.00000E+00  0.00000E+00  0.00000E+00  0.00000E+00
  0.00000E+00  0.00000E+00  0.00000E+00  0.00000E+00  0.00000E+00  0.00000E+00
  0.00000E+00  0.00000E+00  0.00000E+00  0.00000E+00  0.00000E+00  0.00000E+00
  0.00000E+00  0.00000E+00  0.00000E+00  0.00000E+00  0.00000E+00  0.00000E+00
  0.00000E+00  0.00000E+00  0.00000E+00  0.00000E+00  0.00000E+00  0.00000E+00
  0.00000E+00  0.00000E+00  0.00000E+00  0.00000E+00  0.00000E+00
O2SRCC ()                                                                       
UT= 0.02 LAT=   2.50 SLT=12.00 (HRS))                                           
VTGCM (DAY,HR,MIN=150, 0, 1)                                                    
Frame    6                                                                      
nx=   1 xx  O2SRCC  
ny=  65 yy  LN(P0/P) (INTERFACES)                   
 -0.16000E+02 -0.15500E+02 -0.15000E+02 -0.14500E+02 -0.14000E+02 -0.13500E+02
 -0.13000E+02 -0.12500E+02 -0.12000E+02 -0.11500E+02 -0.11000E+02 -0.10500E+02
 -0.10000E+02 -0.95000E+01 -0.90000E+01 -0.85000E+01 -0.80000E+01 -0.75000E+01
 -0.70000E+01 -0.65000E+01 -0.60000E+01 -0.55000E+01 -0.50000E+01 -0.45000E+01
 -0.40000E+01 -0.35000E+01 -0.30000E+01 -0.25000E+01 -0.20000E+01 -0.15000E+01
 -0.10000E+01 -0.50000E+00  0.00000E+00  0.50000E+00  0.10000E+01  0.15000E+01
  0.20000E+01  0.25000E+01  0.30000E+01  0.35000E+01  0.40000E+01  0.45000E+01
  0.50000E+01  0.55000E+01  0.60000E+01  0.65000E+01  0.70000E+01  0.75000E+01
  0.80000E+01  0.85000E+01  0.90000E+01  0.95000E+01  0.10000E+02  0.10500E+02
  0.11000E+02  0.11500E+02  0.12000E+02  0.12500E+02  0.13000E+02  0.13500E+02
  0.14000E+02  0.14500E+02  0.15000E+02  0.15500E+02  0.16000E+02
  0.00000E+00  0.00000E+00  0.00000E+00  0.00000E+00  0.00000E+00  0.00000E+00
  0.00000E+00  0.00000E+00  0.00000E+00  0.00000E+00  0.00000E+00  0.00000E+00
  0.00000E+00  0.00000E+00  0.00000E+00  0.00000E+00  0.00000E+00  0.00000E+00
  0.00000E+00  0.00000E+00  0.00000E+00  0.00000E+00  0.00000E+00  0.00000E+00
  0.00000E+00  0.00000E+00  0.00000E+00  0.00000E+00  0.00000E+00  0.00000E+00
  0.00000E+00  0.00000E+00  0.00000E+00  0.00000E+00  0.00000E+00  0.00000E+00
  0.00000E+00  0.00000E+00  0.00000E+00  0.00000E+00  0.00000E+00  0.00000E+00
  0.00000E+00  0.00000E+00  0.00000E+00  0.00000E+00  0.00000E+00  0.00000E+00
  0.00000E+00  0.00000E+00  0.00000E+00  0.00000E+00  0.00000E+00  0.00000E+00
  0.00000E+00  0.00000E+00  0.00000E+00  0.00000E+00  0.00000E+00  0.00000E+00
  0.00000E+00  0.00000E+00  0.00000E+00  0.00000E+00  0.00000E+00
O2SRCT ()                                                                       
UT= 0.02 LAT=   2.50 SLT=24.00 (HRS))                                           
VTGCM (DAY,HR,MIN=150, 0, 1)                                                    
Frame    7                                                                      
nx=   1 xx  O2SRCT  
ny=  65 yy  LN(P0/P) (INTERFACES)                   
 -0.16000E+02 -0.15500E+02 -0.15000E+02 -0.14500E+02 -0.14000E+02 -0.13500E+02
 -0.13000E+02 -0.12500E+02 -0.12000E+02 -0.11500E+02 -0.11000E+02 -0.10500E+02
 -0.10000E+02 -0.95000E+01 -0.90000E+01 -0.85000E+01 -0.80000E+01 -0.75000E+01
 -0.70000E+01 -0.65000E+01 -0.60000E+01 -0.55000E+01 -0.50000E+01 -0.45000E+01
 -0.40000E+01 -0.35000E+01 -0.30000E+01 -0.25000E+01 -0.20000E+01 -0.15000E+01
 -0.10000E+01 -0.50000E+00  0.00000E+00  0.50000E+00  0.10000E+01  0.15000E+01
  0.20000E+01  0.25000E+01  0.30000E+01  0.35000E+01  0.40000E+01  0.45000E+01
  0.50000E+01  0.55000E+01  0.60000E+01  0.65000E+01  0.70000E+01  0.75000E+01
  0.80000E+01  0.85000E+01  0.90000E+01  0.95000E+01  0.10000E+02  0.10500E+02
  0.11000E+02  0.11500E+02  0.12000E+02  0.12500E+02  0.13000E+02  0.13500E+02
  0.14000E+02  0.14500E+02  0.15000E+02  0.15500E+02  0.16000E+02
  0.21438E+01  0.21419E+01  0.20416E+01  0.20304E+01  0.21368E+01  0.20843E+01
  0.17711E+01  0.14803E+01  0.12207E+01  0.13548E+01  0.25953E+01  0.39646E+01
  0.47172E+01  0.52951E+01  0.58708E+01  0.63169E+01  0.64815E+01  0.62996E+01
  0.58986E+01  0.54719E+01  0.50758E+01  0.46888E+01  0.42935E+01  0.38826E+01
  0.34580E+01  0.30244E+01  0.25850E+01  0.21417E+01  0.16965E+01  0.12540E+01
  0.81919E+00  0.39372E+00  0.91646E-01  0.00000E+00  0.00000E+00  0.00000E+00
  0.00000E+00  0.00000E+00  0.00000E+00  0.00000E+00  0.00000E+00  0.00000E+00
  0.00000E+00  0.00000E+00  0.00000E+00  0.00000E+00  0.00000E+00  0.00000E+00
  0.00000E+00  0.00000E+00  0.00000E+00  0.00000E+00  0.00000E+00  0.00000E+00
  0.00000E+00  0.00000E+00  0.00000E+00  0.00000E+00  0.00000E+00  0.00000E+00
  0.00000E+00  0.00000E+00  0.00000E+00  0.00000E+00  0.00000E+00
O2SRCT ()                                                                       
UT= 0.02 LAT=   2.50 SLT=12.00 (HRS))                                           
VTGCM (DAY,HR,MIN=150, 0, 1)                                                    
Frame    8                                                                      
nx=   1 xx  O2SRCT  
ny=  65 yy  LN(P0/P) (INTERFACES)                   
 -0.16000E+02 -0.15500E+02 -0.15000E+02 -0.14500E+02 -0.14000E+02 -0.13500E+02
 -0.13000E+02 -0.12500E+02 -0.12000E+02 -0.11500E+02 -0.11000E+02 -0.10500E+02
 -0.10000E+02 -0.95000E+01 -0.90000E+01 -0.85000E+01 -0.80000E+01 -0.75000E+01
 -0.70000E+01 -0.65000E+01 -0.60000E+01 -0.55000E+01 -0.50000E+01 -0.45000E+01
 -0.40000E+01 -0.35000E+01 -0.30000E+01 -0.25000E+01 -0.20000E+01 -0.15000E+01
 -0.10000E+01 -0.50000E+00  0.00000E+00  0.50000E+00  0.10000E+01  0.15000E+01
  0.20000E+01  0.25000E+01  0.30000E+01  0.35000E+01  0.40000E+01  0.45000E+01
  0.50000E+01  0.55000E+01  0.60000E+01  0.65000E+01  0.70000E+01  0.75000E+01
  0.80000E+01  0.85000E+01  0.90000E+01  0.95000E+01  0.10000E+02  0.10500E+02
  0.11000E+02  0.11500E+02  0.12000E+02  0.12500E+02  0.13000E+02  0.13500E+02
  0.14000E+02  0.14500E+02  0.15000E+02  0.15500E+02  0.16000E+02
  0.82499E-01  0.71557E+00  0.17616E+01  0.25763E+01  0.33645E+01  0.38494E+01
  0.40249E+01  0.41651E+01  0.43148E+01  0.45839E+01  0.49682E+01  0.52911E+01
  0.54412E+01  0.54229E+01  0.52660E+01  0.49908E+01  0.46193E+01  0.41947E+01
  0.37406E+01  0.32635E+01  0.28193E+01  0.24417E+01  0.21179E+01  0.18442E+01
  0.16159E+01  0.14076E+01  0.11700E+01  0.86478E+00  0.49864E+00  0.15244E+00
  0.00000E+00  0.00000E+00  0.00000E+00  0.00000E+00  0.00000E+00  0.00000E+00
  0.00000E+00  0.00000E+00  0.00000E+00  0.00000E+00  0.00000E+00  0.00000E+00
  0.00000E+00  0.00000E+00  0.00000E+00  0.00000E+00  0.00000E+00  0.00000E+00
  0.00000E+00  0.00000E+00  0.00000E+00  0.00000E+00  0.00000E+00  0.00000E+00
  0.00000E+00  0.00000E+00  0.00000E+00  0.00000E+00  0.00000E+00  0.00000E+00
  0.00000E+00  0.00000E+00  0.00000E+00  0.00000E+00  0.00000E+00
O2LOSSA ()                                                                      
UT= 0.02 LAT=   2.50 SLT=24.00 (HRS))                                           
VTGCM (DAY,HR,MIN=150, 0, 1)                                                    
Frame    9                                                                      
nx=   1 xx  O2LOSSA 
ny=  65 yy  LN(P0/P) (INTERFACES)                   
 -0.16000E+02 -0.15500E+02 -0.15000E+02 -0.14500E+02 -0.14000E+02 -0.13500E+02
 -0.13000E+02 -0.12500E+02 -0.12000E+02 -0.11500E+02 -0.11000E+02 -0.10500E+02
 -0.10000E+02 -0.95000E+01 -0.90000E+01 -0.85000E+01 -0.80000E+01 -0.75000E+01
 -0.70000E+01 -0.65000E+01 -0.60000E+01 -0.55000E+01 -0.50000E+01 -0.45000E+01
 -0.40000E+01 -0.35000E+01 -0.30000E+01 -0.25000E+01 -0.20000E+01 -0.15000E+01
 -0.10000E+01 -0.50000E+00  0.00000E+00  0.50000E+00  0.10000E+01  0.15000E+01
  0.20000E+01  0.25000E+01  0.30000E+01  0.35000E+01  0.40000E+01  0.45000E+01
  0.50000E+01  0.55000E+01  0.60000E+01  0.65000E+01  0.70000E+01  0.75000E+01
  0.80000E+01  0.85000E+01  0.90000E+01  0.95000E+01  0.10000E+02  0.10500E+02
  0.11000E+02  0.11500E+02  0.12000E+02  0.12500E+02  0.13000E+02  0.13500E+02
  0.14000E+02  0.14500E+02  0.15000E+02  0.15500E+02  0.16000E+02
  0.00000E+00  0.00000E+00  0.00000E+00  0.00000E+00  0.00000E+00  0.00000E+00
  0.00000E+00  0.00000E+00  0.00000E+00  0.00000E+00  0.00000E+00  0.00000E+00
  0.00000E+00  0.00000E+00  0.00000E+00  0.00000E+00  0.00000E+00  0.00000E+00
  0.00000E+00  0.00000E+00  0.00000E+00  0.00000E+00  0.00000E+00  0.00000E+00
  0.00000E+00  0.00000E+00  0.00000E+00  0.00000E+00  0.00000E+00  0.00000E+00
  0.00000E+00  0.00000E+00  0.00000E+00  0.00000E+00  0.00000E+00  0.00000E+00
  0.00000E+00  0.00000E+00  0.00000E+00  0.00000E+00  0.00000E+00  0.00000E+00
  0.00000E+00  0.00000E+00  0.00000E+00  0.00000E+00  0.00000E+00  0.00000E+00
  0.00000E+00  0.00000E+00  0.00000E+00  0.00000E+00  0.00000E+00  0.00000E+00
  0.00000E+00  0.00000E+00  0.00000E+00  0.00000E+00  0.00000E+00  0.00000E+00
  0.00000E+00  0.00000E+00  0.00000E+00  0.00000E+00  0.00000E+00
O2LOSSA ()                                                                      
UT= 0.02 LAT=   2.50 SLT=12.00 (HRS))                                           
VTGCM (DAY,HR,MIN=150, 0, 1)                                                    
Frame   10                                                                      
nx=   1 xx  O2LOSSA 
ny=  65 yy  LN(P0/P) (INTERFACES)                   
 -0.16000E+02 -0.15500E+02 -0.15000E+02 -0.14500E+02 -0.14000E+02 -0.13500E+02
 -0.13000E+02 -0.12500E+02 -0.12000E+02 -0.11500E+02 -0.11000E+02 -0.10500E+02
 -0.10000E+02 -0.95000E+01 -0.90000E+01 -0.85000E+01 -0.80000E+01 -0.75000E+01
 -0.70000E+01 -0.65000E+01 -0.60000E+01 -0.55000E+01 -0.50000E+01 -0.45000E+01
 -0.40000E+01 -0.35000E+01 -0.30000E+01 -0.25000E+01 -0.20000E+01 -0.15000E+01
 -0.10000E+01 -0.50000E+00  0.00000E+00  0.50000E+00  0.10000E+01  0.15000E+01
  0.20000E+01  0.25000E+01  0.30000E+01  0.35000E+01  0.40000E+01  0.45000E+01
  0.50000E+01  0.55000E+01  0.60000E+01  0.65000E+01  0.70000E+01  0.75000E+01
  0.80000E+01  0.85000E+01  0.90000E+01  0.95000E+01  0.10000E+02  0.10500E+02
  0.11000E+02  0.11500E+02  0.12000E+02  0.12500E+02  0.13000E+02  0.13500E+02
  0.14000E+02  0.14500E+02  0.15000E+02  0.15500E+02  0.16000E+02
  0.00000E+00  0.00000E+00  0.00000E+00  0.00000E+00  0.00000E+00  0.00000E+00
  0.00000E+00  0.00000E+00  0.13287E+00  0.36465E+00  0.50172E+00  0.54177E+00
  0.53894E+00  0.53255E+00  0.52404E+00  0.48855E+00  0.43118E+00  0.57424E+00
  0.10328E+01  0.15215E+01  0.18336E+01  0.19873E+01  0.20333E+01  0.20163E+01
  0.19628E+01  0.18805E+01  0.17686E+01  0.16284E+01  0.14655E+01  0.12863E+01
  0.10984E+01  0.90959E+00  0.72525E+00  0.54659E+00  0.37085E+00  0.19301E+00
  0.51443E-01  0.00000E+00  0.00000E+00  0.00000E+00  0.00000E+00  0.00000E+00
  0.00000E+00  0.00000E+00  0.00000E+00  0.00000E+00  0.00000E+00  0.00000E+00
  0.00000E+00  0.00000E+00  0.00000E+00  0.00000E+00  0.00000E+00  0.00000E+00
  0.00000E+00  0.00000E+00  0.00000E+00  0.00000E+00  0.00000E+00  0.00000E+00
  0.00000E+00  0.00000E+00  0.00000E+00  0.00000E+00  0.00000E+00
O2LOSSB ()                                                                      
UT= 0.02 LAT=   2.50 SLT=24.00 (HRS))                                           
VTGCM (DAY,HR,MIN=150, 0, 1)                                                    
Frame   11                                                                      
nx=   1 xx  O2LOSSB 
ny=  65 yy  LN(P0/P) (INTERFACES)                   
 -0.16000E+02 -0.15500E+02 -0.15000E+02 -0.14500E+02 -0.14000E+02 -0.13500E+02
 -0.13000E+02 -0.12500E+02 -0.12000E+02 -0.11500E+02 -0.11000E+02 -0.10500E+02
 -0.10000E+02 -0.95000E+01 -0.90000E+01 -0.85000E+01 -0.80000E+01 -0.75000E+01
 -0.70000E+01 -0.65000E+01 -0.60000E+01 -0.55000E+01 -0.50000E+01 -0.45000E+01
 -0.40000E+01 -0.35000E+01 -0.30000E+01 -0.25000E+01 -0.20000E+01 -0.15000E+01
 -0.10000E+01 -0.50000E+00  0.00000E+00  0.50000E+00  0.10000E+01  0.15000E+01
  0.20000E+01  0.25000E+01  0.30000E+01  0.35000E+01  0.40000E+01  0.45000E+01
  0.50000E+01  0.55000E+01  0.60000E+01  0.65000E+01  0.70000E+01  0.75000E+01
  0.80000E+01  0.85000E+01  0.90000E+01  0.95000E+01  0.10000E+02  0.10500E+02
  0.11000E+02  0.11500E+02  0.12000E+02  0.12500E+02  0.13000E+02  0.13500E+02
  0.14000E+02  0.14500E+02  0.15000E+02  0.15500E+02  0.16000E+02
  0.41830E+01  0.39818E+01  0.35675E+01  0.33552E+01  0.32104E+01  0.27860E+01
  0.20382E+01  0.13721E+01  0.93534E+00  0.11635E+01  0.27151E+01  0.43270E+01
  0.51333E+01  0.55921E+01  0.58635E+01  0.59394E+01  0.57577E+01  0.53092E+01
  0.47589E+01  0.42611E+01  0.38200E+01  0.33974E+01  0.29684E+01  0.25203E+01
  0.20532E+01  0.15722E+01  0.10817E+01  0.58450E+00  0.16723E+00  0.00000E+00
  0.00000E+00  0.00000E+00  0.00000E+00  0.00000E+00  0.00000E+00  0.00000E+00
  0.00000E+00  0.00000E+00  0.00000E+00  0.00000E+00  0.00000E+00  0.00000E+00
  0.00000E+00  0.00000E+00  0.00000E+00  0.00000E+00  0.00000E+00  0.00000E+00
  0.00000E+00  0.00000E+00  0.00000E+00  0.00000E+00  0.00000E+00  0.00000E+00
  0.00000E+00  0.00000E+00  0.00000E+00  0.00000E+00  0.00000E+00  0.00000E+00
  0.00000E+00  0.00000E+00  0.00000E+00  0.00000E+00  0.00000E+00
O2LOSSB ()                                                                      
UT= 0.02 LAT=   2.50 SLT=12.00 (HRS))                                           
VTGCM (DAY,HR,MIN=150, 0, 1)                                                    
Frame   12                                                                      
nx=   1 xx  O2LOSSB 
ny=  65 yy  LN(P0/P) (INTERFACES)                   
 -0.16000E+02 -0.15500E+02 -0.15000E+02 -0.14500E+02 -0.14000E+02 -0.13500E+02
 -0.13000E+02 -0.12500E+02 -0.12000E+02 -0.11500E+02 -0.11000E+02 -0.10500E+02
 -0.10000E+02 -0.95000E+01 -0.90000E+01 -0.85000E+01 -0.80000E+01 -0.75000E+01
 -0.70000E+01 -0.65000E+01 -0.60000E+01 -0.55000E+01 -0.50000E+01 -0.45000E+01
 -0.40000E+01 -0.35000E+01 -0.30000E+01 -0.25000E+01 -0.20000E+01 -0.15000E+01
 -0.10000E+01 -0.50000E+00  0.00000E+00  0.50000E+00  0.10000E+01  0.15000E+01
  0.20000E+01  0.25000E+01  0.30000E+01  0.35000E+01  0.40000E+01  0.45000E+01
  0.50000E+01  0.55000E+01  0.60000E+01  0.65000E+01  0.70000E+01  0.75000E+01
  0.80000E+01  0.85000E+01  0.90000E+01  0.95000E+01  0.10000E+02  0.10500E+02
  0.11000E+02  0.11500E+02  0.12000E+02  0.12500E+02  0.13000E+02  0.13500E+02
  0.14000E+02  0.14500E+02  0.15000E+02  0.15500E+02  0.16000E+02
  0.56615E+01  0.58751E+01  0.61731E+01  0.63390E+01  0.64877E+01  0.65707E+01
  0.65845E+01  0.65714E+01  0.65457E+01  0.65024E+01  0.64087E+01  0.62348E+01
  0.59990E+01  0.57460E+01  0.54738E+01  0.51361E+01  0.46900E+01  0.41470E+01
  0.35429E+01  0.28957E+01  0.22697E+01  0.17116E+01  0.12168E+01  0.78106E+00
  0.39131E+00  0.10301E+00  0.00000E+00  0.00000E+00  0.00000E+00  0.00000E+00
  0.00000E+00  0.00000E+00  0.00000E+00  0.00000E+00  0.00000E+00  0.00000E+00
  0.00000E+00  0.00000E+00  0.00000E+00  0.00000E+00  0.00000E+00  0.00000E+00
  0.00000E+00  0.00000E+00  0.00000E+00  0.00000E+00  0.00000E+00  0.00000E+00
  0.00000E+00  0.00000E+00  0.00000E+00  0.00000E+00  0.00000E+00  0.00000E+00
  0.00000E+00  0.00000E+00  0.00000E+00  0.00000E+00  0.00000E+00  0.00000E+00
  0.00000E+00  0.00000E+00  0.00000E+00  0.00000E+00  0.00000E+00
