O3SRCA ()                                                                       
UT= 0.02 LAT=   2.50 SLT=24.00 (HRS))                                           
VTGCM (DAY,HR,MIN=150, 0, 1)                                                    
Frame    1                                                                      
nx=   1 xx  O3SRCA  
ny=  65 yy  LN(P0/P) (INTERFACES)                   
 -0.16000E+02 -0.15500E+02 -0.15000E+02 -0.14500E+02 -0.14000E+02 -0.13500E+02
 -0.13000E+02 -0.12500E+02 -0.12000E+02 -0.11500E+02 -0.11000E+02 -0.10500E+02
 -0.10000E+02 -0.95000E+01 -0.90000E+01 -0.85000E+01 -0.80000E+01 -0.75000E+01
 -0.70000E+01 -0.65000E+01 -0.60000E+01 -0.55000E+01 -0.50000E+01 -0.45000E+01
 -0.40000E+01 -0.35000E+01 -0.30000E+01 -0.25000E+01 -0.20000E+01 -0.15000E+01
 -0.10000E+01 -0.50000E+00  0.00000E+00  0.50000E+00  0.10000E+01  0.15000E+01
  0.20000E+01  0.25000E+01  0.30000E+01  0.35000E+01  0.40000E+01  0.45000E+01
  0.50000E+01  0.55000E+01  0.60000E+01  0.65000E+01  0.70000E+01  0.75000E+01
  0.80000E+01  0.85000E+01  0.90000E+01  0.95000E+01  0.10000E+02  0.10500E+02
  0.11000E+02  0.11500E+02  0.12000E+02  0.12500E+02  0.13000E+02  0.13500E+02
  0.14000E+02  0.14500E+02  0.15000E+02  0.15500E+02  0.16000E+02
  0.00000E+00  0.00000E+00  0.00000E+00  0.00000E+00  0.00000E+00  0.00000E+00
  0.00000E+00  0.00000E+00  0.00000E+00  0.00000E+00  0.00000E+00  0.00000E+00
  0.00000E+00  0.45641E+00  0.13649E+01  0.20921E+01  0.23917E+01  0.22175E+01
  0.17840E+01  0.13458E+01  0.95200E+00  0.57121E+00  0.19040E+00  0.00000E+00
  0.00000E+00  0.00000E+00  0.00000E+00  0.00000E+00  0.00000E+00  0.00000E+00
  0.00000E+00  0.00000E+00  0.00000E+00  0.00000E+00  0.00000E+00  0.00000E+00
  0.00000E+00  0.00000E+00  0.00000E+00  0.00000E+00  0.00000E+00  0.00000E+00
  0.00000E+00  0.00000E+00  0.00000E+00  0.00000E+00  0.00000E+00  0.00000E+00
  0.00000E+00  0.00000E+00  0.00000E+00  0.00000E+00  0.00000E+00  0.00000E+00
  0.00000E+00  0.00000E+00  0.00000E+00  0.00000E+00  0.00000E+00  0.00000E+00
  0.00000E+00  0.00000E+00  0.00000E+00  0.00000E+00  0.00000E+00
O3SRCB ()                                                                       
UT= 0.02 LAT=   2.50 SLT=24.00 (HRS))                                           
VTGCM (DAY,HR,MIN=150, 0, 1)                                                    
Frame    2                                                                      
nx=   1 xx  O3SRCB  
ny=  65 yy  LN(P0/P) (INTERFACES)                   
 -0.16000E+02 -0.15500E+02 -0.15000E+02 -0.14500E+02 -0.14000E+02 -0.13500E+02
 -0.13000E+02 -0.12500E+02 -0.12000E+02 -0.11500E+02 -0.11000E+02 -0.10500E+02
 -0.10000E+02 -0.95000E+01 -0.90000E+01 -0.85000E+01 -0.80000E+01 -0.75000E+01
 -0.70000E+01 -0.65000E+01 -0.60000E+01 -0.55000E+01 -0.50000E+01 -0.45000E+01
 -0.40000E+01 -0.35000E+01 -0.30000E+01 -0.25000E+01 -0.20000E+01 -0.15000E+01
 -0.10000E+01 -0.50000E+00  0.00000E+00  0.50000E+00  0.10000E+01  0.15000E+01
  0.20000E+01  0.25000E+01  0.30000E+01  0.35000E+01  0.40000E+01  0.45000E+01
  0.50000E+01  0.55000E+01  0.60000E+01  0.65000E+01  0.70000E+01  0.75000E+01
  0.80000E+01  0.85000E+01  0.90000E+01  0.95000E+01  0.10000E+02  0.10500E+02
  0.11000E+02  0.11500E+02  0.12000E+02  0.12500E+02  0.13000E+02  0.13500E+02
  0.14000E+02  0.14500E+02  0.15000E+02  0.15500E+02  0.16000E+02
  0.00000E+00  0.00000E+00  0.00000E+00  0.00000E+00  0.00000E+00  0.00000E+00
  0.00000E+00  0.00000E+00  0.00000E+00  0.00000E+00  0.00000E+00  0.17453E+00
  0.69145E+00  0.13031E+01  0.17707E+01  0.20490E+01  0.19911E+01  0.15488E+01
  0.95867E+00  0.43522E+00  0.98629E-01  0.00000E+00  0.00000E+00  0.00000E+00
  0.00000E+00  0.00000E+00  0.00000E+00  0.00000E+00  0.00000E+00  0.00000E+00
  0.00000E+00  0.00000E+00  0.00000E+00  0.00000E+00  0.00000E+00  0.00000E+00
  0.00000E+00  0.00000E+00  0.00000E+00  0.00000E+00  0.00000E+00  0.00000E+00
  0.00000E+00  0.00000E+00  0.00000E+00  0.00000E+00  0.00000E+00  0.00000E+00
  0.00000E+00  0.00000E+00  0.00000E+00  0.00000E+00  0.00000E+00  0.00000E+00
  0.00000E+00  0.00000E+00  0.00000E+00  0.00000E+00  0.00000E+00  0.00000E+00
  0.00000E+00  0.00000E+00  0.00000E+00  0.00000E+00  0.00000E+00
O3SRCC ()                                                                       
UT= 0.02 LAT=   2.50 SLT=24.00 (HRS))                                           
VTGCM (DAY,HR,MIN=150, 0, 1)                                                    
Frame    3                                                                      
nx=   1 xx  O3SRCC  
ny=  65 yy  LN(P0/P) (INTERFACES)                   
 -0.16000E+02 -0.15500E+02 -0.15000E+02 -0.14500E+02 -0.14000E+02 -0.13500E+02
 -0.13000E+02 -0.12500E+02 -0.12000E+02 -0.11500E+02 -0.11000E+02 -0.10500E+02
 -0.10000E+02 -0.95000E+01 -0.90000E+01 -0.85000E+01 -0.80000E+01 -0.75000E+01
 -0.70000E+01 -0.65000E+01 -0.60000E+01 -0.55000E+01 -0.50000E+01 -0.45000E+01
 -0.40000E+01 -0.35000E+01 -0.30000E+01 -0.25000E+01 -0.20000E+01 -0.15000E+01
 -0.10000E+01 -0.50000E+00  0.00000E+00  0.50000E+00  0.10000E+01  0.15000E+01
  0.20000E+01  0.25000E+01  0.30000E+01  0.35000E+01  0.40000E+01  0.45000E+01
  0.50000E+01  0.55000E+01  0.60000E+01  0.65000E+01  0.70000E+01  0.75000E+01
  0.80000E+01  0.85000E+01  0.90000E+01  0.95000E+01  0.10000E+02  0.10500E+02
  0.11000E+02  0.11500E+02  0.12000E+02  0.12500E+02  0.13000E+02  0.13500E+02
  0.14000E+02  0.14500E+02  0.15000E+02  0.15500E+02  0.16000E+02
  0.00000E+00  0.00000E+00  0.00000E+00  0.00000E+00  0.00000E+00  0.00000E+00
  0.00000E+00  0.00000E+00  0.00000E+00  0.00000E+00  0.11817E+00  0.82921E+00
  0.17633E+01  0.23472E+01  0.27359E+01  0.29137E+01  0.28016E+01  0.23991E+01
  0.18921E+01  0.14338E+01  0.10293E+01  0.64160E+00  0.24755E+00  0.23478E-01
  0.00000E+00  0.00000E+00  0.00000E+00  0.00000E+00  0.00000E+00  0.00000E+00
  0.00000E+00  0.00000E+00  0.00000E+00  0.00000E+00  0.00000E+00  0.00000E+00
  0.00000E+00  0.00000E+00  0.00000E+00  0.00000E+00  0.00000E+00  0.00000E+00
  0.00000E+00  0.00000E+00  0.00000E+00  0.00000E+00  0.00000E+00  0.00000E+00
  0.00000E+00  0.00000E+00  0.00000E+00  0.00000E+00  0.00000E+00  0.00000E+00
  0.00000E+00  0.00000E+00  0.00000E+00  0.00000E+00  0.00000E+00  0.00000E+00
  0.00000E+00  0.00000E+00  0.00000E+00  0.00000E+00  0.00000E+00
O3SRCD ()                                                                       
UT= 0.02 LAT=   2.50 SLT=24.00 (HRS))                                           
VTGCM (DAY,HR,MIN=150, 0, 1)                                                    
Frame    4                                                                      
nx=   1 xx  O3SRCD  
ny=  65 yy  LN(P0/P) (INTERFACES)                   
 -0.16000E+02 -0.15500E+02 -0.15000E+02 -0.14500E+02 -0.14000E+02 -0.13500E+02
 -0.13000E+02 -0.12500E+02 -0.12000E+02 -0.11500E+02 -0.11000E+02 -0.10500E+02
 -0.10000E+02 -0.95000E+01 -0.90000E+01 -0.85000E+01 -0.80000E+01 -0.75000E+01
 -0.70000E+01 -0.65000E+01 -0.60000E+01 -0.55000E+01 -0.50000E+01 -0.45000E+01
 -0.40000E+01 -0.35000E+01 -0.30000E+01 -0.25000E+01 -0.20000E+01 -0.15000E+01
 -0.10000E+01 -0.50000E+00  0.00000E+00  0.50000E+00  0.10000E+01  0.15000E+01
  0.20000E+01  0.25000E+01  0.30000E+01  0.35000E+01  0.40000E+01  0.45000E+01
  0.50000E+01  0.55000E+01  0.60000E+01  0.65000E+01  0.70000E+01  0.75000E+01
  0.80000E+01  0.85000E+01  0.90000E+01  0.95000E+01  0.10000E+02  0.10500E+02
  0.11000E+02  0.11500E+02  0.12000E+02  0.12500E+02  0.13000E+02  0.13500E+02
  0.14000E+02  0.14500E+02  0.15000E+02  0.15500E+02  0.16000E+02
  0.28453E+01  0.26308E+01  0.22003E+01  0.19817E+01  0.18330E+01  0.14085E+01
  0.66058E+00  0.95442E-01  0.00000E+00  0.12438E+00  0.13330E+01  0.29463E+01
  0.37543E+01  0.42153E+01  0.44902E+01  0.45714E+01  0.43950E+01  0.39489E+01
  0.33969E+01  0.28942E+01  0.24466E+01  0.20172E+01  0.15818E+01  0.11283E+01
  0.65683E+00  0.20859E+00  0.00000E+00  0.00000E+00  0.00000E+00  0.00000E+00
  0.00000E+00  0.00000E+00  0.00000E+00  0.00000E+00  0.00000E+00  0.00000E+00
  0.00000E+00  0.00000E+00  0.00000E+00  0.00000E+00  0.00000E+00  0.00000E+00
  0.00000E+00  0.00000E+00  0.00000E+00  0.00000E+00  0.00000E+00  0.00000E+00
  0.00000E+00  0.00000E+00  0.00000E+00  0.00000E+00  0.00000E+00  0.00000E+00
  0.00000E+00  0.00000E+00  0.00000E+00  0.00000E+00  0.00000E+00  0.00000E+00
  0.00000E+00  0.00000E+00  0.00000E+00  0.00000E+00  0.00000E+00
O3SRCE ()                                                                       
UT= 0.02 LAT=   2.50 SLT=24.00 (HRS))                                           
VTGCM (DAY,HR,MIN=150, 0, 1)                                                    
Frame    5                                                                      
nx=   1 xx  O3SRCE  
ny=  65 yy  LN(P0/P) (INTERFACES)                   
 -0.16000E+02 -0.15500E+02 -0.15000E+02 -0.14500E+02 -0.14000E+02 -0.13500E+02
 -0.13000E+02 -0.12500E+02 -0.12000E+02 -0.11500E+02 -0.11000E+02 -0.10500E+02
 -0.10000E+02 -0.95000E+01 -0.90000E+01 -0.85000E+01 -0.80000E+01 -0.75000E+01
 -0.70000E+01 -0.65000E+01 -0.60000E+01 -0.55000E+01 -0.50000E+01 -0.45000E+01
 -0.40000E+01 -0.35000E+01 -0.30000E+01 -0.25000E+01 -0.20000E+01 -0.15000E+01
 -0.10000E+01 -0.50000E+00  0.00000E+00  0.50000E+00  0.10000E+01  0.15000E+01
  0.20000E+01  0.25000E+01  0.30000E+01  0.35000E+01  0.40000E+01  0.45000E+01
  0.50000E+01  0.55000E+01  0.60000E+01  0.65000E+01  0.70000E+01  0.75000E+01
  0.80000E+01  0.85000E+01  0.90000E+01  0.95000E+01  0.10000E+02  0.10500E+02
  0.11000E+02  0.11500E+02  0.12000E+02  0.12500E+02  0.13000E+02  0.13500E+02
  0.14000E+02  0.14500E+02  0.15000E+02  0.15500E+02  0.16000E+02
  0.41830E+01  0.39818E+01  0.35675E+01  0.33552E+01  0.32105E+01  0.27861E+01
  0.20383E+01  0.13722E+01  0.93540E+00  0.11635E+01  0.27151E+01  0.43270E+01
  0.51334E+01  0.55922E+01  0.58636E+01  0.59397E+01  0.57581E+01  0.53096E+01
  0.47592E+01  0.42613E+01  0.38201E+01  0.33975E+01  0.29684E+01  0.25203E+01
  0.20532E+01  0.15722E+01  0.10817E+01  0.58454E+00  0.16725E+00  0.00000E+00
  0.00000E+00  0.00000E+00  0.00000E+00  0.00000E+00  0.00000E+00  0.00000E+00
  0.00000E+00  0.00000E+00  0.00000E+00  0.00000E+00  0.00000E+00  0.00000E+00
  0.00000E+00  0.00000E+00  0.00000E+00  0.00000E+00  0.00000E+00  0.00000E+00
  0.00000E+00  0.00000E+00  0.00000E+00  0.00000E+00  0.00000E+00  0.00000E+00
  0.00000E+00  0.00000E+00  0.00000E+00  0.00000E+00  0.00000E+00  0.00000E+00
  0.00000E+00  0.00000E+00  0.00000E+00  0.00000E+00  0.00000E+00
O3SRCT ()                                                                       
UT= 0.02 LAT=   2.50 SLT=24.00 (HRS))                                           
VTGCM (DAY,HR,MIN=150, 0, 1)                                                    
Frame    6                                                                      
nx=   1 xx  O3SRCT  
ny=  65 yy  LN(P0/P) (INTERFACES)                   
 -0.16000E+02 -0.15500E+02 -0.15000E+02 -0.14500E+02 -0.14000E+02 -0.13500E+02
 -0.13000E+02 -0.12500E+02 -0.12000E+02 -0.11500E+02 -0.11000E+02 -0.10500E+02
 -0.10000E+02 -0.95000E+01 -0.90000E+01 -0.85000E+01 -0.80000E+01 -0.75000E+01
 -0.70000E+01 -0.65000E+01 -0.60000E+01 -0.55000E+01 -0.50000E+01 -0.45000E+01
 -0.40000E+01 -0.35000E+01 -0.30000E+01 -0.25000E+01 -0.20000E+01 -0.15000E+01
 -0.10000E+01 -0.50000E+00  0.00000E+00  0.50000E+00  0.10000E+01  0.15000E+01
  0.20000E+01  0.25000E+01  0.30000E+01  0.35000E+01  0.40000E+01  0.45000E+01
  0.50000E+01  0.55000E+01  0.60000E+01  0.65000E+01  0.70000E+01  0.75000E+01
  0.80000E+01  0.85000E+01  0.90000E+01  0.95000E+01  0.10000E+02  0.10500E+02
  0.11000E+02  0.11500E+02  0.12000E+02  0.12500E+02  0.13000E+02  0.13500E+02
  0.14000E+02  0.14500E+02  0.15000E+02  0.15500E+02  0.16000E+02
  0.42025E+01  0.40007E+01  0.35857E+01  0.33732E+01  0.32283E+01  0.28040E+01
  0.20562E+01  0.13900E+01  0.95316E+00  0.11813E+01  0.27329E+01  0.43449E+01
  0.51514E+01  0.56104E+01  0.58820E+01  0.59585E+01  0.57773E+01  0.53291E+01
  0.47787E+01  0.42807E+01  0.38394E+01  0.34166E+01  0.29874E+01  0.25392E+01
  0.20721E+01  0.15913E+01  0.11009E+01  0.60393E+00  0.17701E+00  0.00000E+00
  0.00000E+00  0.00000E+00  0.00000E+00  0.00000E+00  0.00000E+00  0.00000E+00
  0.00000E+00  0.00000E+00  0.00000E+00  0.00000E+00  0.00000E+00  0.00000E+00
  0.00000E+00  0.00000E+00  0.00000E+00  0.00000E+00  0.00000E+00  0.00000E+00
  0.00000E+00  0.00000E+00  0.00000E+00  0.00000E+00  0.00000E+00  0.00000E+00
  0.00000E+00  0.00000E+00  0.00000E+00  0.00000E+00  0.00000E+00  0.00000E+00
  0.00000E+00  0.00000E+00  0.00000E+00  0.00000E+00  0.00000E+00
O3LOSSA ()                                                                      
UT= 0.02 LAT=   2.50 SLT=24.00 (HRS))                                           
VTGCM (DAY,HR,MIN=150, 0, 1)                                                    
Frame    7                                                                      
nx=   1 xx  O3LOSSA 
ny=  65 yy  LN(P0/P) (INTERFACES)                   
 -0.16000E+02 -0.15500E+02 -0.15000E+02 -0.14500E+02 -0.14000E+02 -0.13500E+02
 -0.13000E+02 -0.12500E+02 -0.12000E+02 -0.11500E+02 -0.11000E+02 -0.10500E+02
 -0.10000E+02 -0.95000E+01 -0.90000E+01 -0.85000E+01 -0.80000E+01 -0.75000E+01
 -0.70000E+01 -0.65000E+01 -0.60000E+01 -0.55000E+01 -0.50000E+01 -0.45000E+01
 -0.40000E+01 -0.35000E+01 -0.30000E+01 -0.25000E+01 -0.20000E+01 -0.15000E+01
 -0.10000E+01 -0.50000E+00  0.00000E+00  0.50000E+00  0.10000E+01  0.15000E+01
  0.20000E+01  0.25000E+01  0.30000E+01  0.35000E+01  0.40000E+01  0.45000E+01
  0.50000E+01  0.55000E+01  0.60000E+01  0.65000E+01  0.70000E+01  0.75000E+01
  0.80000E+01  0.85000E+01  0.90000E+01  0.95000E+01  0.10000E+02  0.10500E+02
  0.11000E+02  0.11500E+02  0.12000E+02  0.12500E+02  0.13000E+02  0.13500E+02
  0.14000E+02  0.14500E+02  0.15000E+02  0.15500E+02  0.16000E+02
  0.00000E+00  0.00000E+00  0.00000E+00  0.00000E+00  0.00000E+00  0.00000E+00
  0.00000E+00  0.00000E+00  0.00000E+00  0.00000E+00  0.00000E+00  0.12670E+00
  0.10127E+01  0.23040E+01  0.32565E+01  0.39783E+01  0.43113E+01  0.40904E+01
  0.34860E+01  0.27615E+01  0.20035E+01  0.12235E+01  0.17988E+01  0.25392E+01
  0.20721E+01  0.15913E+01  0.11009E+01  0.60393E+00  0.17701E+00  0.00000E+00
  0.00000E+00  0.00000E+00  0.00000E+00  0.00000E+00  0.00000E+00  0.00000E+00
  0.00000E+00  0.00000E+00  0.00000E+00  0.00000E+00  0.00000E+00  0.00000E+00
  0.00000E+00  0.00000E+00  0.00000E+00  0.00000E+00  0.00000E+00  0.00000E+00
  0.00000E+00  0.00000E+00  0.00000E+00  0.00000E+00  0.00000E+00  0.00000E+00
  0.00000E+00  0.00000E+00  0.00000E+00  0.00000E+00  0.00000E+00  0.00000E+00
  0.00000E+00  0.00000E+00  0.00000E+00  0.00000E+00  0.00000E+00
O3LOSSB ()                                                                      
UT= 0.02 LAT=   2.50 SLT=24.00 (HRS))                                           
VTGCM (DAY,HR,MIN=150, 0, 1)                                                    
Frame    8                                                                      
nx=   1 xx  O3LOSSB 
ny=  65 yy  LN(P0/P) (INTERFACES)                   
 -0.16000E+02 -0.15500E+02 -0.15000E+02 -0.14500E+02 -0.14000E+02 -0.13500E+02
 -0.13000E+02 -0.12500E+02 -0.12000E+02 -0.11500E+02 -0.11000E+02 -0.10500E+02
 -0.10000E+02 -0.95000E+01 -0.90000E+01 -0.85000E+01 -0.80000E+01 -0.75000E+01
 -0.70000E+01 -0.65000E+01 -0.60000E+01 -0.55000E+01 -0.50000E+01 -0.45000E+01
 -0.40000E+01 -0.35000E+01 -0.30000E+01 -0.25000E+01 -0.20000E+01 -0.15000E+01
 -0.10000E+01 -0.50000E+00  0.00000E+00  0.50000E+00  0.10000E+01  0.15000E+01
  0.20000E+01  0.25000E+01  0.30000E+01  0.35000E+01  0.40000E+01  0.45000E+01
  0.50000E+01  0.55000E+01  0.60000E+01  0.65000E+01  0.70000E+01  0.75000E+01
  0.80000E+01  0.85000E+01  0.90000E+01  0.95000E+01  0.10000E+02  0.10500E+02
  0.11000E+02  0.11500E+02  0.12000E+02  0.12500E+02  0.13000E+02  0.13500E+02
  0.14000E+02  0.14500E+02  0.15000E+02  0.15500E+02  0.16000E+02
  0.00000E+00  0.00000E+00  0.00000E+00  0.00000E+00  0.00000E+00  0.00000E+00
  0.00000E+00  0.00000E+00  0.00000E+00  0.00000E+00  0.00000E+00  0.00000E+00
  0.00000E+00  0.00000E+00  0.00000E+00  0.00000E+00  0.00000E+00  0.00000E+00
  0.00000E+00  0.00000E+00  0.00000E+00  0.00000E+00  0.00000E+00  0.00000E+00
  0.00000E+00  0.00000E+00  0.00000E+00  0.00000E+00  0.00000E+00  0.00000E+00
  0.00000E+00  0.00000E+00  0.00000E+00  0.00000E+00  0.00000E+00  0.00000E+00
  0.00000E+00  0.00000E+00  0.00000E+00  0.00000E+00  0.00000E+00  0.00000E+00
  0.00000E+00  0.00000E+00  0.00000E+00  0.00000E+00  0.00000E+00  0.00000E+00
  0.00000E+00  0.00000E+00  0.00000E+00  0.00000E+00  0.00000E+00  0.00000E+00
  0.00000E+00  0.00000E+00  0.00000E+00  0.00000E+00  0.00000E+00  0.00000E+00
  0.00000E+00  0.00000E+00  0.00000E+00  0.00000E+00  0.00000E+00
O3LOSSC ()                                                                      
UT= 0.02 LAT=   2.50 SLT=24.00 (HRS))                                           
VTGCM (DAY,HR,MIN=150, 0, 1)                                                    
Frame    9                                                                      
nx=   1 xx  O3LOSSC 
ny=  65 yy  LN(P0/P) (INTERFACES)                   
 -0.16000E+02 -0.15500E+02 -0.15000E+02 -0.14500E+02 -0.14000E+02 -0.13500E+02
 -0.13000E+02 -0.12500E+02 -0.12000E+02 -0.11500E+02 -0.11000E+02 -0.10500E+02
 -0.10000E+02 -0.95000E+01 -0.90000E+01 -0.85000E+01 -0.80000E+01 -0.75000E+01
 -0.70000E+01 -0.65000E+01 -0.60000E+01 -0.55000E+01 -0.50000E+01 -0.45000E+01
 -0.40000E+01 -0.35000E+01 -0.30000E+01 -0.25000E+01 -0.20000E+01 -0.15000E+01
 -0.10000E+01 -0.50000E+00  0.00000E+00  0.50000E+00  0.10000E+01  0.15000E+01
  0.20000E+01  0.25000E+01  0.30000E+01  0.35000E+01  0.40000E+01  0.45000E+01
  0.50000E+01  0.55000E+01  0.60000E+01  0.65000E+01  0.70000E+01  0.75000E+01
  0.80000E+01  0.85000E+01  0.90000E+01  0.95000E+01  0.10000E+02  0.10500E+02
  0.11000E+02  0.11500E+02  0.12000E+02  0.12500E+02  0.13000E+02  0.13500E+02
  0.14000E+02  0.14500E+02  0.15000E+02  0.15500E+02  0.16000E+02
  0.59284E+00  0.36826E+00  0.71841E-01  0.00000E+00  0.10551E-01  0.10551E-01
  0.00000E+00  0.00000E+00  0.00000E+00  0.00000E+00  0.11157E+01  0.31137E+01
  0.45119E+01  0.52924E+01  0.56806E+01  0.58054E+01  0.56437E+01  0.52033E+01
  0.46630E+01  0.41740E+01  0.37346E+01  0.33058E+01  0.15452E+01  0.00000E+00
  0.00000E+00  0.00000E+00  0.00000E+00  0.00000E+00  0.00000E+00  0.00000E+00
  0.00000E+00  0.00000E+00  0.00000E+00  0.00000E+00  0.00000E+00  0.00000E+00
  0.00000E+00  0.00000E+00  0.00000E+00  0.00000E+00  0.00000E+00  0.00000E+00
  0.00000E+00  0.00000E+00  0.00000E+00  0.00000E+00  0.00000E+00  0.00000E+00
  0.00000E+00  0.00000E+00  0.00000E+00  0.00000E+00  0.00000E+00  0.00000E+00
  0.00000E+00  0.00000E+00  0.00000E+00  0.00000E+00  0.00000E+00  0.00000E+00
  0.00000E+00  0.00000E+00  0.00000E+00  0.00000E+00  0.00000E+00
O3LOSSD ()                                                                      
UT= 0.02 LAT=   2.50 SLT=24.00 (HRS))                                           
VTGCM (DAY,HR,MIN=150, 0, 1)                                                    
Frame   10                                                                      
nx=   1 xx  O3LOSSD 
ny=  65 yy  LN(P0/P) (INTERFACES)                   
 -0.16000E+02 -0.15500E+02 -0.15000E+02 -0.14500E+02 -0.14000E+02 -0.13500E+02
 -0.13000E+02 -0.12500E+02 -0.12000E+02 -0.11500E+02 -0.11000E+02 -0.10500E+02
 -0.10000E+02 -0.95000E+01 -0.90000E+01 -0.85000E+01 -0.80000E+01 -0.75000E+01
 -0.70000E+01 -0.65000E+01 -0.60000E+01 -0.55000E+01 -0.50000E+01 -0.45000E+01
 -0.40000E+01 -0.35000E+01 -0.30000E+01 -0.25000E+01 -0.20000E+01 -0.15000E+01
 -0.10000E+01 -0.50000E+00  0.00000E+00  0.50000E+00  0.10000E+01  0.15000E+01
  0.20000E+01  0.25000E+01  0.30000E+01  0.35000E+01  0.40000E+01  0.45000E+01
  0.50000E+01  0.55000E+01  0.60000E+01  0.65000E+01  0.70000E+01  0.75000E+01
  0.80000E+01  0.85000E+01  0.90000E+01  0.95000E+01  0.10000E+02  0.10500E+02
  0.11000E+02  0.11500E+02  0.12000E+02  0.12500E+02  0.13000E+02  0.13500E+02
  0.14000E+02  0.14500E+02  0.15000E+02  0.15500E+02  0.16000E+02
  0.00000E+00  0.00000E+00  0.00000E+00  0.00000E+00  0.00000E+00  0.00000E+00
  0.00000E+00  0.00000E+00  0.00000E+00  0.00000E+00  0.00000E+00  0.00000E+00
  0.00000E+00  0.00000E+00  0.00000E+00  0.00000E+00  0.00000E+00  0.00000E+00
  0.00000E+00  0.00000E+00  0.00000E+00  0.00000E+00  0.00000E+00  0.00000E+00
  0.00000E+00  0.00000E+00  0.00000E+00  0.00000E+00  0.00000E+00  0.00000E+00
  0.00000E+00  0.00000E+00  0.00000E+00  0.00000E+00  0.00000E+00  0.00000E+00
  0.00000E+00  0.00000E+00  0.00000E+00  0.00000E+00  0.00000E+00  0.00000E+00
  0.00000E+00  0.00000E+00  0.00000E+00  0.00000E+00  0.00000E+00  0.00000E+00
  0.00000E+00  0.00000E+00  0.00000E+00  0.00000E+00  0.00000E+00  0.00000E+00
  0.00000E+00  0.00000E+00  0.00000E+00  0.00000E+00  0.00000E+00  0.00000E+00
  0.00000E+00  0.00000E+00  0.00000E+00  0.00000E+00  0.00000E+00
O3LOSSE ()                                                                      
UT= 0.02 LAT=   2.50 SLT=24.00 (HRS))                                           
VTGCM (DAY,HR,MIN=150, 0, 1)                                                    
Frame   11                                                                      
nx=   1 xx  O3LOSSE 
ny=  65 yy  LN(P0/P) (INTERFACES)                   
 -0.16000E+02 -0.15500E+02 -0.15000E+02 -0.14500E+02 -0.14000E+02 -0.13500E+02
 -0.13000E+02 -0.12500E+02 -0.12000E+02 -0.11500E+02 -0.11000E+02 -0.10500E+02
 -0.10000E+02 -0.95000E+01 -0.90000E+01 -0.85000E+01 -0.80000E+01 -0.75000E+01
 -0.70000E+01 -0.65000E+01 -0.60000E+01 -0.55000E+01 -0.50000E+01 -0.45000E+01
 -0.40000E+01 -0.35000E+01 -0.30000E+01 -0.25000E+01 -0.20000E+01 -0.15000E+01
 -0.10000E+01 -0.50000E+00  0.00000E+00  0.50000E+00  0.10000E+01  0.15000E+01
  0.20000E+01  0.25000E+01  0.30000E+01  0.35000E+01  0.40000E+01  0.45000E+01
  0.50000E+01  0.55000E+01  0.60000E+01  0.65000E+01  0.70000E+01  0.75000E+01
  0.80000E+01  0.85000E+01  0.90000E+01  0.95000E+01  0.10000E+02  0.10500E+02
  0.11000E+02  0.11500E+02  0.12000E+02  0.12500E+02  0.13000E+02  0.13500E+02
  0.14000E+02  0.14500E+02  0.15000E+02  0.15500E+02  0.16000E+02
  0.42024E+01  0.40006E+01  0.35856E+01  0.33731E+01  0.32280E+01  0.28035E+01
  0.20557E+01  0.13896E+01  0.95263E+00  0.11799E+01  0.27261E+01  0.43082E+01
  0.50107E+01  0.53100E+01  0.54418E+01  0.54075E+01  0.51309E+01  0.46150E+01
  0.40387E+01  0.35499E+01  0.31373E+01  0.27550E+01  0.12836E+01  0.00000E+00
  0.00000E+00  0.00000E+00  0.00000E+00  0.00000E+00  0.00000E+00  0.00000E+00
  0.00000E+00  0.00000E+00  0.00000E+00  0.00000E+00  0.00000E+00  0.00000E+00
  0.00000E+00  0.00000E+00  0.00000E+00  0.00000E+00  0.00000E+00  0.00000E+00
  0.00000E+00  0.00000E+00  0.00000E+00  0.00000E+00  0.00000E+00  0.00000E+00
  0.00000E+00  0.00000E+00  0.00000E+00  0.00000E+00  0.00000E+00  0.00000E+00
  0.00000E+00  0.00000E+00  0.00000E+00  0.00000E+00  0.00000E+00  0.00000E+00
  0.00000E+00  0.00000E+00  0.00000E+00  0.00000E+00  0.00000E+00
O3LOSSFG ()                                                                     
UT= 0.02 LAT=   2.50 SLT=24.00 (HRS))                                           
VTGCM (DAY,HR,MIN=150, 0, 1)                                                    
Frame   12                                                                      
nx=   1 xx  O3LOSSFG
ny=  65 yy  LN(P0/P) (INTERFACES)                   
 -0.16000E+02 -0.15500E+02 -0.15000E+02 -0.14500E+02 -0.14000E+02 -0.13500E+02
 -0.13000E+02 -0.12500E+02 -0.12000E+02 -0.11500E+02 -0.11000E+02 -0.10500E+02
 -0.10000E+02 -0.95000E+01 -0.90000E+01 -0.85000E+01 -0.80000E+01 -0.75000E+01
 -0.70000E+01 -0.65000E+01 -0.60000E+01 -0.55000E+01 -0.50000E+01 -0.45000E+01
 -0.40000E+01 -0.35000E+01 -0.30000E+01 -0.25000E+01 -0.20000E+01 -0.15000E+01
 -0.10000E+01 -0.50000E+00  0.00000E+00  0.50000E+00  0.10000E+01  0.15000E+01
  0.20000E+01  0.25000E+01  0.30000E+01  0.35000E+01  0.40000E+01  0.45000E+01
  0.50000E+01  0.55000E+01  0.60000E+01  0.65000E+01  0.70000E+01  0.75000E+01
  0.80000E+01  0.85000E+01  0.90000E+01  0.95000E+01  0.10000E+02  0.10500E+02
  0.11000E+02  0.11500E+02  0.12000E+02  0.12500E+02  0.13000E+02  0.13500E+02
  0.14000E+02  0.14500E+02  0.15000E+02  0.15500E+02  0.16000E+02
  0.00000E+00  0.00000E+00  0.00000E+00  0.00000E+00  0.00000E+00  0.00000E+00
  0.00000E+00  0.00000E+00  0.00000E+00  0.00000E+00  0.00000E+00  0.00000E+00
  0.00000E+00  0.00000E+00  0.00000E+00  0.00000E+00  0.00000E+00  0.00000E+00
  0.00000E+00  0.00000E+00  0.00000E+00  0.00000E+00  0.00000E+00  0.00000E+00
  0.00000E+00  0.00000E+00  0.00000E+00  0.00000E+00  0.00000E+00  0.00000E+00
  0.00000E+00  0.00000E+00  0.00000E+00  0.00000E+00  0.00000E+00  0.00000E+00
  0.00000E+00  0.00000E+00  0.00000E+00  0.00000E+00  0.00000E+00  0.00000E+00
  0.00000E+00  0.00000E+00  0.00000E+00  0.00000E+00  0.00000E+00  0.00000E+00
  0.00000E+00  0.00000E+00  0.00000E+00  0.00000E+00  0.00000E+00  0.00000E+00
  0.00000E+00  0.00000E+00  0.00000E+00  0.00000E+00  0.00000E+00  0.00000E+00
  0.00000E+00  0.00000E+00  0.00000E+00  0.00000E+00  0.00000E+00
O3LOSST ()                                                                      
UT= 0.02 LAT=   2.50 SLT=24.00 (HRS))                                           
VTGCM (DAY,HR,MIN=150, 0, 1)                                                    
Frame   13                                                                      
nx=   1 xx  O3LOSST 
ny=  65 yy  LN(P0/P) (INTERFACES)                   
 -0.16000E+02 -0.15500E+02 -0.15000E+02 -0.14500E+02 -0.14000E+02 -0.13500E+02
 -0.13000E+02 -0.12500E+02 -0.12000E+02 -0.11500E+02 -0.11000E+02 -0.10500E+02
 -0.10000E+02 -0.95000E+01 -0.90000E+01 -0.85000E+01 -0.80000E+01 -0.75000E+01
 -0.70000E+01 -0.65000E+01 -0.60000E+01 -0.55000E+01 -0.50000E+01 -0.45000E+01
 -0.40000E+01 -0.35000E+01 -0.30000E+01 -0.25000E+01 -0.20000E+01 -0.15000E+01
 -0.10000E+01 -0.50000E+00  0.00000E+00  0.50000E+00  0.10000E+01  0.15000E+01
  0.20000E+01  0.25000E+01  0.30000E+01  0.35000E+01  0.40000E+01  0.45000E+01
  0.50000E+01  0.55000E+01  0.60000E+01  0.65000E+01  0.70000E+01  0.75000E+01
  0.80000E+01  0.85000E+01  0.90000E+01  0.95000E+01  0.10000E+02  0.10500E+02
  0.11000E+02  0.11500E+02  0.12000E+02  0.12500E+02  0.13000E+02  0.13500E+02
  0.14000E+02  0.14500E+02  0.15000E+02  0.15500E+02  0.16000E+02
  0.42025E+01  0.40007E+01  0.35857E+01  0.33732E+01  0.32283E+01  0.28040E+01
  0.20562E+01  0.13900E+01  0.95316E+00  0.11813E+01  0.27329E+01  0.43449E+01
  0.51514E+01  0.56104E+01  0.58820E+01  0.59585E+01  0.57773E+01  0.53291E+01
  0.47787E+01  0.42807E+01  0.38394E+01  0.34166E+01  0.29874E+01  0.25392E+01
  0.20721E+01  0.15913E+01  0.11009E+01  0.60393E+00  0.17701E+00  0.00000E+00
  0.00000E+00  0.00000E+00  0.00000E+00  0.00000E+00  0.00000E+00  0.00000E+00
  0.00000E+00  0.00000E+00  0.00000E+00  0.00000E+00  0.00000E+00  0.00000E+00
  0.00000E+00  0.00000E+00  0.00000E+00  0.00000E+00  0.00000E+00  0.00000E+00
  0.00000E+00  0.00000E+00  0.00000E+00  0.00000E+00  0.00000E+00  0.00000E+00
  0.00000E+00  0.00000E+00  0.00000E+00  0.00000E+00  0.00000E+00  0.00000E+00
  0.00000E+00  0.00000E+00  0.00000E+00  0.00000E+00  0.00000E+00
